timestamp;rawx;rawy;filteredx;filteredy;currentLineNumber
2021-02-22-10-21-50-901;0;0;0;0;-1
2021-02-22-10-21-51-011;0;0;0;0;-1
2021-02-22-10-21-51-024;0;0;0;0;-1
2021-02-22-10-21-51-049;0;0;0;0;-1
2021-02-22-10-21-51-075;0;0;0;0;-1
2021-02-22-10-21-51-100;0;0;0;0;-1
2021-02-22-10-21-51-124;0;0;0;0;-1
2021-02-22-10-21-51-139;0;0;0;0;-1
2021-02-22-10-21-51-157;0;0;0;0;-1
2021-02-22-10-21-51-173;0;0;0;0;-1
2021-02-22-10-21-51-190;0;0;0;0;-1
2021-02-22-10-21-51-206;0;0;0;0;-1
2021-02-22-10-21-51-223;0;0;0;0;-1
2021-02-22-10-21-51-239;0;0;0;0;-1
2021-02-22-10-21-51-257;0;0;0;0;-1
2021-02-22-10-21-51-273;0;0;0;0;-1
2021-02-22-10-21-51-291;0;0;0;0;-1
2021-02-22-10-21-51-308;0;0;0;0;-1
2021-02-22-10-21-51-323;0;0;0;0;-1
2021-02-22-10-21-51-356;0;0;0;0;-1
2021-02-22-10-21-51-372;0;0;0;0;-1
2021-02-22-10-21-51-390;0;0;0;0;-1
2021-02-22-10-21-51-406;0;0;0;0;-1
2021-02-22-10-21-51-423;0;0;0;0;-1
2021-02-22-10-21-51-439;0;0;0;0;-1
2021-02-22-10-21-51-456;0;0;0;0;-1
2021-02-22-10-21-51-472;0;0;0;0;-1
2021-02-22-10-21-51-491;0;0;0;0;-1
2021-02-22-10-21-51-506;0;0;0;0;-1
2021-02-22-10-21-51-524;0;0;0;0;-1
2021-02-22-10-21-51-539;0;0;0;0;-1
2021-02-22-10-21-51-557;0;0;0;0;-1
2021-02-22-10-21-51-572;0;0;0;0;-1
2021-02-22-10-21-51-590;0;0;0;0;-1
2021-02-22-10-21-51-607;0;0;0;0;-1
2021-02-22-10-21-51-623;0;0;0;0;-1
2021-02-22-10-21-51-657;0;0;0;0;-1
2021-02-22-10-21-51-673;0;0;0;0;-1
2021-02-22-10-21-51-691;0;0;0;0;-1
2021-02-22-10-21-51-706;0;0;0;0;-1
2021-02-22-10-21-51-739;0;0;0;0;-1
2021-02-22-10-21-51-757;0;0;0;0;-1
2021-02-22-10-21-51-772;0;0;0;0;-1
2021-02-22-10-21-51-791;1406;788;1.60025;0;-1
2021-02-22-10-21-51-806;1402;779;7.84038;0;-1
2021-02-22-10-21-51-823;1395;767;19.8431;0;-1
2021-02-22-10-21-51-839;1382;751;36.9816;0;-1
2021-02-22-10-21-51-856;1360;726;58.6372;0;-1
2021-02-22-10-21-51-872;1355;721;84.22;0;-1
2021-02-22-10-21-51-889;1341;710;113.195;0;-1
2021-02-22-10-21-51-905;1327;698;145.062;0;-1
2021-02-22-10-21-51-919;1308;684;179.336;0;-1
2021-02-22-10-21-51-935;1287;668;215.554;0;-1
2021-02-22-10-21-51-952;1265;650;253.276;0;-1
2021-02-22-10-21-51-968;1234;625;292.08;0;-1
2021-02-22-10-21-51-985;1199;595;331.555;0;-1
2021-02-22-10-21-51-998;1177;571;371.316;0;-1
2021-02-22-10-21-52-015;1156;544;411.044;0;-1
2021-02-22-10-21-52-031;1149;535;450.48;0;-1
2021-02-22-10-21-52-048;1149;532;489.431;0;-1
2021-02-22-10-21-52-064;1149;531;527.757;0;-1
2021-02-22-10-21-52-082;1149;531;565.341;0;-1
2021-02-22-10-21-52-098;1149;531;602.083;0;-1
2021-02-22-10-21-52-115;1149;531;637.893;0;-1
2021-02-22-10-21-52-132;1149;531;672.695;0;-1
2021-02-22-10-21-52-152;1149;531;706.424;0;-1
2021-02-22-10-21-52-164;1149;531;739.027;0;-1
2021-02-22-10-21-52-181;1149;531;770.459;0;-1
2021-02-22-10-21-52-198;1149;531;800.688;0;-1
2021-02-22-10-21-52-215;1149;531;829.687;0;-1
2021-02-22-10-21-52-232;1149;531;857.439;0;-1
2021-02-22-10-21-52-247;1149;531;883.934;0;-1
2021-02-22-10-21-52-265;1149;531;909.169;0;-1
2021-02-22-10-21-52-282;1149;531;933.144;0;-1
2021-02-22-10-21-52-298;1149;531;955.87;0;-1
2021-02-22-10-21-52-314;1149;531;977.359;0;-1
2021-02-22-10-21-52-332;1149;531;997.627;0;-1
2021-02-22-10-21-52-351;1149;531;1016.7;0;-1
2021-02-22-10-21-52-365;1149;531;1034.59;0;-1
2021-02-22-10-21-52-382;1149;531;1051.34;0.616882;-1
2021-02-22-10-21-52-398;1149;531;1066.98;3.02415;-1
2021-02-22-10-21-52-415;1149;531;1081.53;7.66099;-1
2021-02-22-10-21-52-431;1149;531;1095.04;14.2986;-1
2021-02-22-10-21-52-448;1149;531;1107.53;22.7205;-1
2021-02-22-10-21-52-464;1149;531;1119.05;32.7222;-1
2021-02-22-10-21-52-481;1149;531;1129.63;44.1109;-1
2021-02-22-10-21-52-497;1149;531;1139.31;56.7057;-1
2021-02-22-10-21-52-514;1149;531;1148.14;70.3369;-1
2021-02-22-10-21-52-531;1149;531;1156.15;84.8459;-1
2021-02-22-10-21-52-548;1149;531;1163.38;100.085;-1
2021-02-22-10-21-52-565;1149;531;1169.87;115.917;-1
2021-02-22-10-21-52-582;1149;531;1175.66;132.214;-1
2021-02-22-10-21-52-598;1149;531;1180.79;148.858;-1
2021-02-22-10-21-52-614;1149;531;1185.3;165.743;-1
2021-02-22-10-21-52-632;1149;531;1189.22;182.768;-1
2021-02-22-10-21-52-648;1149;531;1192.6;199.843;-1
2021-02-22-10-21-52-665;1149;531;1195.46;216.885;-1
2021-02-22-10-21-52-682;1149;531;1197.84;233.821;1
2021-02-22-10-21-52-698;1149;531;1199.78;250.582;1
2021-02-22-10-21-52-715;1149;531;1201.31;267.109;2
2021-02-22-10-21-52-732;1149;531;1202.46;283.348;2
2021-02-22-10-21-52-748;1149;531;1203.25;299.252;3
2021-02-22-10-21-52-765;1149;531;1203.73;314.78;3
2021-02-22-10-21-52-782;1148;531;1203.91;329.897;4
2021-02-22-10-21-52-798;1148;532;1203.82;344.571;4
2021-02-22-10-21-52-820;1148;533;1203.49;358.778;4
2021-02-22-10-21-52-834;1148;533;1202.93;372.495;5
2021-02-22-10-21-52-853;1147;534;1202.17;385.707;5
2021-02-22-10-21-52-869;1147;534;1201.24;398.4;6
2021-02-22-10-21-52-901;1147;535;1200.14;410.564;6
2021-02-22-10-21-52-918;1147;535;1198.91;422.194;6
2021-02-22-10-21-52-934;1147;536;1197.55;433.287;7
2021-02-22-10-21-52-951;1147;537;1196.09;443.841;7
2021-02-22-10-21-52-968;1147;539;1194.54;453.859;7
2021-02-22-10-21-52-985;1147;540;1192.92;463.345;8
2021-02-22-10-21-53-002;1147;544;1191.25;472.306;8
2021-02-22-10-21-53-018;1145;551;1189.52;480.75;8
2021-02-22-10-21-53-035;1145;554;1187.75;488.686;8
2021-02-22-10-21-53-052;1144;555;1185.96;496.126;9
2021-02-22-10-21-53-068;1144;557;1184.14;503.082;9
2021-02-22-10-21-53-085;1144;558;1182.31;509.567;9
2021-02-22-10-21-53-102;1144;561;1180.47;515.596;9
2021-02-22-10-21-53-118;1144;563;1178.64;521.183;10
2021-02-22-10-21-53-135;1144;566;1176.82;526.345;10
2021-02-22-10-21-53-152;1143;570;1175.02;531.098;10
2021-02-22-10-21-53-168;1143;572;1173.24;535.457;10
2021-02-22-10-21-53-185;1143;576;1171.49;539.441;10
2021-02-22-10-21-53-202;1144;581;1169.78;543.065;10
2021-02-22-10-21-53-218;1144;585;1168.11;546.346;10
2021-02-22-10-21-53-235;1144;586;1166.48;549.302;10
2021-02-22-10-21-53-252;1144;588;1164.9;551.95;10
2021-02-22-10-21-53-269;1144;591;1163.37;554.306;11
2021-02-22-10-21-53-285;1144;592;1161.9;556.386;11
2021-02-22-10-21-53-302;1145;594;1160.49;558.207;11
2021-02-22-10-21-53-319;1145;596;1159.13;559.785;11
2021-02-22-10-21-53-335;1146;598;1157.84;561.135;11
2021-02-22-10-21-53-352;1146;602;1156.61;562.272;11
2021-02-22-10-21-53-368;1146;606;1155.45;563.211;11
2021-02-22-10-21-53-385;1147;610;1154.36;563.965;11
2021-02-22-10-21-53-404;1148;618;1153.33;564.55;11
2021-02-22-10-21-53-418;1148;619;1152.37;564.977;11
2021-02-22-10-21-53-435;1149;622;1151.49;565.26;11
2021-02-22-10-21-53-451;1150;628;1150.67;565.411;11
2021-02-22-10-21-53-469;1152;636;1149.93;565.441;11
2021-02-22-10-21-53-485;1152;641;1149.27;565.362;11
2021-02-22-10-21-53-502;1152;645;1148.68;565.183;11
2021-02-22-10-21-53-518;1152;648;1148.16;564.916;11
2021-02-22-10-21-53-536;1152;652;1147.7;564.569;11
2021-02-22-10-21-53-552;1152;657;1147.31;564.152;11
2021-02-22-10-21-53-568;1152;661;1146.98;563.673;11
2021-02-22-10-21-53-585;1153;667;1146.7;563.14;11
2021-02-22-10-21-53-602;1153;674;1146.47;562.56;11
2021-02-22-10-21-53-618;1155;686;1146.3;561.941;11
2021-02-22-10-21-53-635;1156;695;1146.18;561.47;11
2021-02-22-10-21-53-652;1159;702;1146.12;561.501;11
2021-02-22-10-21-53-669;1160;708;1146.12;562.169;11
2021-02-22-10-21-53-685;1161;712;1146.19;563.411;11
2021-02-22-10-21-53-702;1161;717;1146.31;565.169;11
2021-02-22-10-21-53-719;1162;720;1146.49;567.386;11
2021-02-22-10-21-53-735;1162;722;1146.73;570.009;11
2021-02-22-10-21-53-752;1163;725;1147.01;572.988;11
2021-02-22-10-21-53-769;1163;726;1147.34;576.278;11
2021-02-22-10-21-53-785;1163;727;1147.71;579.834;11
2021-02-22-10-21-53-802;1163;728;1148.11;583.614;11
2021-02-22-10-21-53-818;1163;731;1148.55;587.582;12
2021-02-22-10-21-53-836;1164;735;1149.01;591.701;12
2021-02-22-10-21-53-852;1164;742;1149.49;595.938;12
2021-02-22-10-21-53-869;1165;746;1150;600.264;12
2021-02-22-10-21-53-882;1165;752;1150.53;604.65;12
2021-02-22-10-21-53-898;1165;755;1151.07;609.07;12
2021-02-22-10-21-53-915;1165;761;1151.63;613.503;12
2021-02-22-10-21-53-932;1165;763;1152.19;617.925;13
2021-02-22-10-21-53-949;1165;765;1152.76;622.318;13
2021-02-22-10-21-53-965;1165;768;1153.34;626.665;13
2021-02-22-10-21-53-982;1166;772;1153.91;630.95;13
2021-02-22-10-21-53-999;1166;775;1154.49;635.159;13
2021-02-22-10-21-54-016;1167;777;1155.06;639.28;13
2021-02-22-10-21-54-033;1167;778;1155.64;643.304;13
2021-02-22-10-21-54-049;1167;779;1156.21;647.22;13
2021-02-22-10-21-54-066;1167;781;1156.78;651.02;14
2021-02-22-10-21-54-082;1167;782;1157.34;654.699;14
2021-02-22-10-21-54-099;1168;786;1157.89;658.25;14
2021-02-22-10-21-54-116;1168;790;1158.44;661.67;14
2021-02-22-10-21-54-132;1168;793;1158.98;664.955;14
2021-02-22-10-21-54-149;1168;796;1159.51;668.103;14
2021-02-22-10-21-54-166;1168;797;1160.03;671.111;14
2021-02-22-10-21-54-183;1168;799;1160.54;673.981;14
2021-02-22-10-21-54-199;1168;801;1161.04;676.71;14
2021-02-22-10-21-54-216;1168;803;1161.52;679.301;14
2021-02-22-10-21-54-233;1168;805;1161.98;681.753;15
2021-02-22-10-21-54-249;1168;808;1162.43;684.07;15
2021-02-22-10-21-54-266;1168;812;1162.87;686.252;15
2021-02-22-10-21-54-283;1168;815;1163.28;688.303;15
2021-02-22-10-21-54-300;1168;816;1163.68;690.37;15
2021-02-22-10-21-54-316;1168;821;1164.06;692.736;15
2021-02-22-10-21-54-333;1168;823;1164.43;695.505;15
2021-02-22-10-21-54-349;1168;830;1164.77;698.63;15
2021-02-22-10-21-54-366;1168;835;1165.1;702.061;15
2021-02-22-10-21-54-382;1166;841;1165.41;705.755;15
2021-02-22-10-21-54-399;1165;849;1165.69;709.671;15
2021-02-22-10-21-54-416;1165;856;1165.95;713.77;16
2021-02-22-10-21-54-432;1164;865;1166.17;718.016;16
2021-02-22-10-21-54-449;1164;871;1166.37;722.377;16
2021-02-22-10-21-54-466;1164;876;1166.54;726.821;16
2021-02-22-10-21-54-482;1164;879;1166.68;731.322;16
2021-02-22-10-21-54-499;1163;883;1166.79;735.852;16
2021-02-22-10-21-54-516;1163;886;1166.88;740.389;16
2021-02-22-10-21-54-533;1162;897;1166.94;744.912;16
2021-02-22-10-21-54-549;1162;905;1166.97;749.401;17
2021-02-22-10-21-54-566;1162;913;1166.98;753.838;17
2021-02-22-10-21-54-582;1162;918;1166.96;758.209;17
2021-02-22-10-21-54-600;1162;927;1166.93;762.5;17
2021-02-22-10-21-54-616;1161;931;1166.87;766.699;17
2021-02-22-10-21-54-633;1161;936;1166.79;770.794;17
2021-02-22-10-21-54-649;1161;942;1166.7;774.778;17
2021-02-22-10-21-54-666;1161;945;1166.58;778.643;18
2021-02-22-10-21-54-683;1161;949;1166.45;782.381;18
2021-02-22-10-21-54-699;1162;956;1166.31;785.987;18
2021-02-22-10-21-54-716;1162;961;1166.17;789.459;18
2021-02-22-10-21-54-733;1162;968;1166.01;792.791;18
2021-02-22-10-21-54-749;1162;975;1165.86;795.983;18
2021-02-22-10-21-54-766;1163;994;1165.7;799.032;18
2021-02-22-10-21-54-783;1165;1002;1165.54;801.938;18
2021-02-22-10-21-54-799;1166;1010;1165.4;804.701;18
2021-02-22-10-21-54-816;1168;1019;1165.27;807.323;18
2021-02-22-10-21-54-833;1169;1027;1165.17;809.803;19
2021-02-22-10-21-54-849;1171;1035;1165.09;812.144;19
2021-02-22-10-21-54-866;1173;1044;1165.05;814.349;19
2021-02-22-10-21-54-883;1174;1049;1165.05;816.419;19
2021-02-22-10-21-54-899;1176;1055;1165.09;818.358;19
2021-02-22-10-21-54-916;1176;1056;1165.17;820.17;19
2021-02-22-10-21-54-933;1177;1058;1165.3;821.858;19
2021-02-22-10-21-54-949;1179;1062;1165.46;823.426;19
2021-02-22-10-21-54-966;1181;1065;1165.68;824.877;19
2021-02-22-10-21-54-983;1181;1066;1165.94;826.217;19
2021-02-22-10-21-54-999;1182;1068;1166.25;827.741;19
2021-02-22-10-21-55-017;1183;1072;1166.6;830.007;19
2021-02-22-10-21-55-034;1183;1073;1166.99;833.227;19
2021-02-22-10-21-55-053;1184;1076;1167.42;837.298;19
2021-02-22-10-21-55-069;1185;1078;1167.88;842.123;20
2021-02-22-10-21-55-086;1185;1081;1168.38;847.608;20
2021-02-22-10-21-55-103;1185;1084;1168.91;853.668;20
2021-02-22-10-21-55-119;1186;1087;1169.46;860.221;20
2021-02-22-10-21-55-136;1187;1090;1170.04;867.192;20
2021-02-22-10-21-55-153;1187;1090;1170.64;874.51;21
2021-02-22-10-21-55-170;1188;1092;1171.25;882.109;21
2021-02-22-10-21-55-186;1188;1094;1171.89;889.928;21
2021-02-22-10-21-55-203;1189;1097;1172.54;897.912;21
2021-02-22-10-21-55-220;1190;1099;1173.21;906.009;22
2021-02-22-10-21-55-236;1191;1103;1173.89;914.171;22
2021-02-22-10-21-55-253;1192;1105;1174.58;922.355;22
2021-02-22-10-21-55-269;1192;1106;1175.29;930.522;22
2021-02-22-10-21-55-286;1193;1107;1176.01;938.637;23
2021-02-22-10-21-55-303;1193;1108;1176.74;946.666;23
2021-02-22-10-21-55-319;1193;1109;1177.47;954.582;23
2021-02-22-10-21-55-336;1193;1111;1178.21;962.359;23
2021-02-22-10-21-55-353;1193;1113;1178.95;969.975;24
2021-02-22-10-21-55-370;1193;1114;1179.68;977.409;24
2021-02-22-10-21-55-387;1193;1115;1180.4;984.646;24
2021-02-22-10-21-55-404;1193;1117;1181.11;991.67;24
2021-02-22-10-21-55-420;1193;1118;1181.82;998.469;24
2021-02-22-10-21-55-437;1193;1120;1182.5;1005.03;25
2021-02-22-10-21-55-454;1193;1121;1183.17;1011.36;25
2021-02-22-10-21-55-470;1193;1123;1183.83;1017.43;25
2021-02-22-10-21-55-486;1192;1127;1184.46;1023.25;25
2021-02-22-10-21-55-503;1192;1130;1185.07;1028.81;25
2021-02-22-10-21-55-520;1192;1131;1185.65;1034.12;26
2021-02-22-10-21-55-537;1192;1137;1186.21;1039.16;26
2021-02-22-10-21-55-554;1191;1138;1186.74;1043.95;26
2021-02-22-10-21-55-569;1191;1139;1187.25;1048.49;26
2021-02-22-10-21-55-586;1191;1140;1187.72;1052.78;26
2021-02-22-10-21-55-605;1191;1141;1188.16;1056.81;26
2021-02-22-10-21-55-623;1191;1141;1188.58;1060.61;26
2021-02-22-10-21-55-639;1191;1142;1188.97;1064.16;26
2021-02-22-10-21-55-656;1191;1143;1189.33;1067.49;27
2021-02-22-10-21-55-672;1191;1144;1189.66;1070.58;27
2021-02-22-10-21-55-688;1191;1145;1189.97;1073.46;27
2021-02-22-10-21-55-705;1191;1145;1190.26;1076.13;27
2021-02-22-10-21-55-722;1191;1145;1190.52;1078.6;27
2021-02-22-10-21-55-738;1191;1146;1190.76;1080.87;27
2021-02-22-10-21-55-755;1191;1147;1190.98;1082.95;27
2021-02-22-10-21-55-772;1191;1150;1191.18;1084.85;27
2021-02-22-10-21-55-788;1191;1151;1191.36;1086.58;27
2021-02-22-10-21-55-805;1191;1151;1191.52;1088.22;27
2021-02-22-10-21-55-822;1191;1151;1191.66;1089.91;27
2021-02-22-10-21-55-838;1191;1151;1191.79;1091.73;27
2021-02-22-10-21-55-855;1191;1152;1191.9;1093.63;27
2021-02-22-10-21-55-872;1191;1152;1192;1095.62;27
2021-02-22-10-21-55-888;1191;1152;1192.08;1097.67;28
2021-02-22-10-21-55-906;1191;1152;1192.15;1099.76;28
2021-02-22-10-21-55-923;1191;1152;1192.21;1101.89;28
2021-02-22-10-21-55-938;1191;1152;1192.26;1104.04;28
2021-02-22-10-21-55-956;1191;1153;1192.3;1106.2;28
2021-02-22-10-21-55-973;1191;1153;1192.33;1108.36;28
2021-02-22-10-21-55-989;1191;1154;1192.35;1110.51;28
2021-02-22-10-21-56-006;1191;1154;1192.36;1112.63;28
2021-02-22-10-21-56-023;1191;1154;1192.36;1114.73;28
2021-02-22-10-21-56-039;1191;1154;1192.36;1116.79;28
2021-02-22-10-21-56-055;1191;1155;1192.35;1118.82;28
2021-02-22-10-21-56-073;1191;1155;1192.34;1120.79;28
2021-02-22-10-21-56-089;1191;1155;1192.32;1122.72;28
2021-02-22-10-21-56-105;1191;1155;1192.3;1124.59;28
2021-02-22-10-21-56-123;1191;1155;1192.27;1126.4;28
2021-02-22-10-21-56-139;1191;1155;1192.24;1128.15;28
2021-02-22-10-21-56-155;1191;1155;1192.21;1129.84;29
2021-02-22-10-21-56-172;1191;1155;1192.17;1131.46;29
2021-02-22-10-21-56-189;1190;1156;1192.14;1133.01;29
2021-02-22-10-21-56-206;1190;1157;1192.09;1134.5;29
2021-02-22-10-21-56-222;1190;1158;1192.04;1135.92;29
2021-02-22-10-21-56-240;1190;1159;1191.99;1137.27;29
2021-02-22-10-21-56-256;1190;1159;1191.93;1138.55;29
2021-02-22-10-21-56-273;1190;1159;1191.87;1139.77;29
2021-02-22-10-21-56-288;1190;1159;1191.81;1140.92;29
2021-02-22-10-21-56-305;1190;1160;1191.74;1142;29
2021-02-22-10-21-56-322;1191;1160;1191.67;1143.02;29
2021-02-22-10-21-56-338;1191;1161;1191.61;1143.98;29
2021-02-22-10-21-56-355;1191;1161;1191.55;1144.87;29
2021-02-22-10-21-56-372;1191;1161;1191.49;1145.71;29
2021-02-22-10-21-56-389;1191;1161;1191.43;1146.48;29
2021-02-22-10-21-56-405;1191;1161;1191.38;1147.2;29
2021-02-22-10-21-56-422;1191;1161;1191.33;1147.87;29
2021-02-22-10-21-56-439;1191;1161;1191.29;1148.48;29
2021-02-22-10-21-56-455;1191;1161;1191.24;1149.04;29
2021-02-22-10-21-56-472;1191;1161;1191.2;1149.56;29
2021-02-22-10-21-56-488;1191;1161;1191.17;1150.03;29
2021-02-22-10-21-56-505;1191;1161;1191.13;1150.45;29
2021-02-22-10-21-56-522;1191;1161;1191.1;1150.84;29
2021-02-22-10-21-56-540;1191;1161;1191.07;1151.18;29
2021-02-22-10-21-56-555;1191;1161;1191.04;1151.49;29
2021-02-22-10-21-56-573;1191;1161;1191.02;1151.76;29
2021-02-22-10-21-56-588;1191;1161;1191;1152;29
2021-02-22-10-21-56-606;1191;1161;1190.98;1152.2;29
2021-02-22-10-21-56-623;1191;1161;1190.96;1152.38;29
2021-02-22-10-21-56-639;1191;1161;1190.94;1152.53;29
2021-02-22-10-21-56-656;1191;1161;1190.93;1152.66;29
2021-02-22-10-21-56-673;1191;1161;1190.92;1152.76;29
2021-02-22-10-21-56-688;1191;1161;1190.9;1152.84;29
2021-02-22-10-21-56-705;1191;1161;1190.89;1152.9;29
2021-02-22-10-21-56-723;1191;1161;1190.89;1152.94;29
2021-02-22-10-21-56-739;1191;1161;1190.88;1152.96;29
2021-02-22-10-21-56-756;1191;1161;1190.87;1152.97;29
2021-02-22-10-21-56-772;1191;1161;1190.87;1152.96;29
2021-02-22-10-21-56-789;1191;1161;1190.86;1152.94;29
2021-02-22-10-21-56-805;1191;1161;1190.86;1152.91;29
2021-02-22-10-21-56-822;1191;1161;1190.86;1152.87;29
2021-02-22-10-21-56-839;1191;1161;1190.86;1152.82;29
2021-02-22-10-21-56-856;1191;1161;1190.86;1152.76;29
2021-02-22-10-21-56-873;1191;1161;1190.86;1152.69;29
2021-02-22-10-21-56-888;1191;1160;1190.86;1152.62;29
2021-02-22-10-21-56-906;1191;1160;1190.86;1152.54;29
2021-02-22-10-21-56-922;1191;1159;1190.86;1152.46;29
2021-02-22-10-21-56-938;1191;1157;1190.86;1152.37;29
2021-02-22-10-21-56-955;1191;1153;1190.87;1152.29;29
2021-02-22-10-21-56-972;1191;1150;1190.87;1152.2;29
2021-02-22-10-21-56-989;1191;1148;1190.87;1152.1;29
2021-02-22-10-21-57-005;1191;1144;1190.88;1152.01;29
2021-02-22-10-21-57-022;1192;1141;1190.88;1151.92;29
2021-02-22-10-21-57-038;1192;1134;1190.89;1151.82;29
2021-02-22-10-21-57-056;1192;1129;1190.9;1151.73;29
2021-02-22-10-21-57-072;1192;1123;1190.92;1151.64;29
2021-02-22-10-21-57-088;1192;1112;1190.94;1151.55;29
2021-02-22-10-21-57-105;1192;1107;1190.96;1151.46;29
2021-02-22-10-21-57-122;1192;1103;1190.99;1151.37;29
2021-02-22-10-21-57-139;1192;1096;1191.02;1151.28;29
2021-02-22-10-21-57-155;1192;1094;1191.05;1151.2;29
2021-02-22-10-21-57-172;1192;1088;1191.08;1151.12;29
2021-02-22-10-21-57-189;1192;1085;1191.11;1151.04;29
2021-02-22-10-21-57-206;1192;1081;1191.14;1150.96;29
2021-02-22-10-21-57-222;1193;1075;1191.18;1150.89;29
2021-02-22-10-21-57-239;1193;1072;1191.22;1150.82;29
2021-02-22-10-21-57-255;1193;1065;1191.26;1150.75;29
2021-02-22-10-21-57-272;1193;1062;1191.31;1150.69;29
2021-02-22-10-21-57-288;1193;1056;1191.36;1150.62;29
2021-02-22-10-21-57-305;1193;1045;1191.41;1150.56;29
2021-02-22-10-21-57-322;1193;1039;1191.47;1150.51;29
2021-02-22-10-21-57-338;1194;1034;1191.53;1150.46;29
2021-02-22-10-21-57-355;1195;1026;1191.59;1150.4;29
2021-02-22-10-21-57-372;1196;1021;1191.67;1150.36;29
2021-02-22-10-21-57-389;1196;1012;1191.75;1150.31;29
2021-02-22-10-21-57-405;1196;1007;1191.85;1150.27;29
2021-02-22-10-21-57-422;1196;1002;1191.96;1150.23;29
2021-02-22-10-21-57-438;1196;994;1192.07;1150.19;29
2021-02-22-10-21-57-455;1196;990;1192.19;1150.16;29
2021-02-22-10-21-57-472;1196;978;1192.32;1150.13;29
2021-02-22-10-21-57-489;1196;972;1192.46;1150.1;29
2021-02-22-10-21-57-506;1197;967;1192.59;1150.07;29
2021-02-22-10-21-57-522;1197;958;1192.74;1150.05;29
2021-02-22-10-21-57-538;1197;951;1192.89;1150.02;29
2021-02-22-10-21-57-556;1197;944;1193.04;1150;29
2021-02-22-10-21-57-572;1197;935;1193.2;1149.98;29
2021-02-22-10-21-57-589;1197;930;1193.36;1149.97;29
2021-02-22-10-21-57-605;1197;922;1193.53;1149.95;29
2021-02-22-10-21-57-622;1197;918;1193.69;1149.94;29
2021-02-22-10-21-57-639;1197;914;1193.85;1149.93;29
2021-02-22-10-21-57-655;1197;904;1194.01;1149.92;29
2021-02-22-10-21-57-672;1197;897;1194.17;1149.91;29
2021-02-22-10-21-57-689;1197;892;1194.33;1149.9;29
2021-02-22-10-21-57-705;1198;884;1194.49;1149.89;29
2021-02-22-10-21-57-722;1199;878;1194.65;1149.89;29
2021-02-22-10-21-57-739;1199;869;1194.81;1149.88;29
2021-02-22-10-21-57-755;1199;863;1194.98;1149.88;29
2021-02-22-10-21-57-772;1199;857;1195.15;1149.55;29
2021-02-22-10-21-57-789;1199;851;1195.32;1148.27;29
2021-02-22-10-21-57-806;1199;839;1195.49;1145.8;29
2021-02-22-10-21-57-823;1199;833;1195.66;1142.27;29
2021-02-22-10-21-57-839;1199;830;1195.83;1137.8;29
2021-02-22-10-21-57-856;1199;825;1196;1132.49;29
2021-02-22-10-21-57-873;1199;823;1196.17;1126.43;29
2021-02-22-10-21-57-890;1199;821;1196.33;1119.74;28
2021-02-22-10-21-57-905;1199;820;1196.49;1112.5;28
2021-02-22-10-21-57-922;1199;819;1196.65;1104.8;28
2021-02-22-10-21-57-939;1199;814;1196.81;1096.7;28
2021-02-22-10-21-57-955;1199;809;1196.96;1088.29;27
2021-02-22-10-21-57-972;1198;802;1197.1;1079.64;27
2021-02-22-10-21-57-989;1198;799;1197.24;1070.79;27
2021-02-22-10-21-58-006;1198;797;1197.36;1061.83;27
2021-02-22-10-21-58-022;1198;795;1197.48;1052.78;26
2021-02-22-10-21-58-039;1199;791;1197.59;1043.71;26
2021-02-22-10-21-58-056;1199;788;1197.69;1034.66;26
2021-02-22-10-21-58-072;1199;786;1197.8;1025.67;25
2021-02-22-10-21-58-089;1199;784;1197.89;1016.77;25
2021-02-22-10-21-58-106;1200;781;1197.99;1007.99;25
2021-02-22-10-21-58-122;1200;779;1198.08;999.363;25
2021-02-22-10-21-58-139;1200;778;1198.18;990.916;24
2021-02-22-10-21-58-156;1201;775;1198.27;982.669;24
2021-02-22-10-21-58-172;1201;769;1198.37;974.64;24
2021-02-22-10-21-58-188;1201;764;1198.47;966.847;24
2021-02-22-10-21-58-206;1201;758;1198.57;959.302;23
2021-02-22-10-21-58-222;1203;748;1198.67;952.016;23
2021-02-22-10-21-58-239;1203;743;1198.79;944.999;23
2021-02-22-10-21-58-255;1204;734;1198.91;938.258;23
2021-02-22-10-21-58-272;1204;728;1199.04;931.798;23
2021-02-22-10-21-58-289;1204;718;1199.19;925.621;22
2021-02-22-10-21-58-306;1205;714;1199.34;919.73;22
2021-02-22-10-21-58-323;1205;710;1199.51;914.125;22
2021-02-22-10-21-58-339;1205;706;1199.68;908.805;22
2021-02-22-10-21-58-356;1205;701;1199.86;903.767;22
2021-02-22-10-21-58-373;1206;694;1200.05;899.008;22
2021-02-22-10-21-58-389;1206;689;1200.25;894.523;21
2021-02-22-10-21-58-406;1206;684;1200.45;890.309;21
2021-02-22-10-21-58-422;1206;683;1200.67;886.358;21
2021-02-22-10-21-58-439;1207;679;1200.88;882.664;21
2021-02-22-10-21-58-455;1207;677;1201.11;879.22;21
2021-02-22-10-21-58-473;1207;675;1201.34;876.018;21
2021-02-22-10-21-58-489;1208;673;1201.57;873.051;21
2021-02-22-10-21-58-505;1208;671;1201.81;870.31;21
2021-02-22-10-21-58-523;1208;668;1202.06;867.786;21
2021-02-22-10-21-58-539;1208;667;1202.31;865.471;20
2021-02-22-10-21-58-555;1208;665;1202.56;863.355;20
2021-02-22-10-21-58-573;1209;661;1202.82;861.431;20
2021-02-22-10-21-58-589;1210;659;1203.08;859.47;20
2021-02-22-10-21-58-605;1210;658;1203.35;857.047;20
2021-02-22-10-21-58-622;1211;654;1203.62;853.999;20
2021-02-22-10-21-58-639;1211;653;1203.9;850.396;20
2021-02-22-10-21-58-656;1211;652;1204.19;846.308;20
2021-02-22-10-21-58-673;1211;650;1204.48;841.798;20
2021-02-22-10-21-58-689;1211;648;1204.77;836.926;20
2021-02-22-10-21-58-706;1211;645;1205.06;831.748;19
2021-02-22-10-21-58-722;1213;641;1205.36;826.315;19
2021-02-22-10-21-58-738;1213;638;1205.66;820.677;19
2021-02-22-10-21-58-756;1213;636;1205.97;814.878;19
2021-02-22-10-21-58-772;1213;629;1206.28;808.96;19
2021-02-22-10-21-58-789;1212;624;1206.59;802.96;19
2021-02-22-10-21-58-806;1211;619;1206.9;796.913;18
2021-02-22-10-21-58-823;1211;615;1207.19;790.852;18
2021-02-22-10-21-58-839;1211;610;1207.48;784.805;18
2021-02-22-10-21-58-855;1210;605;1207.76;778.799;18
2021-02-22-10-21-58-872;1210;601;1208.02;772.857;18
2021-02-22-10-21-58-889;1210;596;1208.26;766.999;17
2021-02-22-10-21-58-906;1209;593;1208.49;761.246;17
2021-02-22-10-21-58-922;1209;591;1208.7;755.613;17
2021-02-22-10-21-58-938;1209;590;1208.9;750.115;17
2021-02-22-10-21-58-956;1209;589;1209.07;744.764;17
2021-02-22-10-21-58-972;1208;584;1209.23;739.572;17
2021-02-22-10-21-58-989;1207;580;1209.37;734.546;16
2021-02-22-10-21-59-005;1206;576;1209.48;729.694;16
2021-02-22-10-21-59-023;1206;572;1209.57;725.022;16
2021-02-22-10-21-59-039;1206;571;1209.64;720.535;16
2021-02-22-10-21-59-056;1206;569;1209.68;716.236;16
2021-02-22-10-21-59-073;1206;564;1209.7;712.127;16
2021-02-22-10-21-59-089;1206;560;1209.7;708.208;16
2021-02-22-10-21-59-105;1205;552;1209.68;704.481;15
2021-02-22-10-21-59-123;1205;546;1209.65;700.944;15
2021-02-22-10-21-59-140;1205;539;1209.6;697.595;15
2021-02-22-10-21-59-156;1206;536;1209.53;694.433;15
2021-02-22-10-21-59-173;1206;532;1209.45;691.453;15
2021-02-22-10-21-59-191;1206;530;1209.36;688.654;15
2021-02-22-10-21-59-207;1206;526;1209.27;686.03;15
2021-02-22-10-21-59-223;1206;523;1209.17;683.578;15
2021-02-22-10-21-59-240;1206;520;1209.06;681.293;15
2021-02-22-10-21-59-257;1208;517;1208.96;679.168;15
2021-02-22-10-21-59-273;1209;513;1208.85;677.2;15
2021-02-22-10-21-59-290;1209;512;1208.76;675.383;15
2021-02-22-10-21-59-307;1209;511;1208.68;673.71;14
2021-02-22-10-21-59-323;1209;509;1208.6;672.176;14
2021-02-22-10-21-59-340;1209;507;1208.54;670.775;14
2021-02-22-10-21-59-357;1210;503;1208.48;669.501;14
2021-02-22-10-21-59-373;1211;501;1208.44;668.348;14
2021-02-22-10-21-59-393;1213;495;1208.41;667.31;14
2021-02-22-10-21-59-407;1213;494;1208.4;666.38;14
2021-02-22-10-21-59-423;1214;492;1208.42;665.554;14
2021-02-22-10-21-59-440;1214;490;1208.46;664.643;14
2021-02-22-10-21-59-457;1214;489;1208.52;663.295;14
2021-02-22-10-21-59-473;1213;486;1208.6;661.374;14
2021-02-22-10-21-59-490;1213;482;1208.69;658.943;14
2021-02-22-10-21-59-507;1213;477;1208.8;656.061;14
2021-02-22-10-21-59-523;1212;472;1208.91;652.782;14
2021-02-22-10-21-59-540;1212;468;1209.02;649.158;14
2021-02-22-10-21-59-557;1212;463;1209.14;645.238;14
2021-02-22-10-21-59-574;1212;458;1209.27;641.068;13
2021-02-22-10-21-59-590;1212;452;1209.39;636.689;13
2021-02-22-10-21-59-607;1210;445;1209.51;632.142;13
2021-02-22-10-21-59-623;1208;438;1209.62;627.461;13
2021-02-22-10-21-59-641;1207;430;1209.72;622.682;13
2021-02-22-10-21-59-657;1207;425;1209.79;617.835;13
2021-02-22-10-21-59-673;1207;421;1209.85;612.949;13
2021-02-22-10-21-59-690;1208;415;1209.88;608.049;12
2021-02-22-10-21-59-707;1208;411;1209.91;603.158;12
2021-02-22-10-21-59-724;1207;406;1209.92;598.3;12
2021-02-22-10-21-59-741;1206;402;1209.92;593.491;12
2021-02-22-10-21-59-757;1205;397;1209.9;588.751;12
2021-02-22-10-21-59-773;1205;393;1209.86;584.093;12
2021-02-22-10-21-59-790;1204;390;1209.8;579.532;12
2021-02-22-10-21-59-807;1204;386;1209.73;575.079;11
2021-02-22-10-21-59-823;1204;383;1209.63;570.744;11
2021-02-22-10-21-59-840;1204;378;1209.52;566.537;11
2021-02-22-10-21-59-857;1202;374;1209.38;562.464;11
2021-02-22-10-21-59-874;1200;370;1209.23;558.532;11
2021-02-22-10-21-59-891;1199;365;1209.05;554.745;11
2021-02-22-10-21-59-907;1198;363;1208.85;551.106;11
2021-02-22-10-21-59-924;1198;361;1208.61;547.62;11
2021-02-22-10-21-59-941;1198;358;1208.35;544.287;10
2021-02-22-10-21-59-957;1198;356;1208.06;541.108;10
2021-02-22-10-21-59-974;1197;353;1207.76;538.084;10
2021-02-22-10-21-59-991;1196;348;1207.43;535.213;10
2021-02-22-10-22-00-007;1196;343;1207.08;532.495;10
2021-02-22-10-22-00-023;1196;336;1206.72;529.928;10
2021-02-22-10-22-00-041;1198;329;1206.34;527.509;10
2021-02-22-10-22-00-057;1200;319;1205.96;525.236;10
2021-02-22-10-22-00-074;1204;305;1205.59;523.105;10
2021-02-22-10-22-00-092;1204;303;1205.24;521.113;10
2021-02-22-10-22-00-108;1204;302;1204.92;519.255;10
2021-02-22-10-22-00-125;1204;301;1204.63;517.529;10
2021-02-22-10-22-00-141;1205;301;1204.36;515.929;10
2021-02-22-10-22-00-158;1205;299;1204.12;514.451;10
2021-02-22-10-22-00-175;1205;292;1203.9;513.091;9
2021-02-22-10-22-00-188;1206;290;1203.71;511.843;9
2021-02-22-10-22-00-205;1206;289;1203.55;510.448;9
2021-02-22-10-22-00-222;1206;286;1203.41;508.416;9
2021-02-22-10-22-00-239;1206;283;1203.3;505.561;9
2021-02-22-10-22-00-255;1205;277;1203.21;501.972;9
2021-02-22-10-22-00-273;1205;276;1203.14;497.734;9
2021-02-22-10-22-00-289;1205;273;1203.08;492.927;9
2021-02-22-10-22-00-305;1207;269;1203.04;487.625;9
2021-02-22-10-22-00-322;1208;265;1203.02;481.899;8
2021-02-22-10-22-00-339;1209;264;1203.02;475.815;8
2021-02-22-10-22-00-355;1209;264;1203.05;469.433;8
2021-02-22-10-22-00-373;1209;263;1203.11;462.81;8
2021-02-22-10-22-00-390;1209;263;1203.18;456;8
2021-02-22-10-22-00-405;1209;262;1203.28;449.049;7
2021-02-22-10-22-00-423;1211;258;1203.39;442.004;7
2021-02-22-10-22-00-438;1211;253;1203.53;434.904;7
2021-02-22-10-22-00-455;1211;249;1203.69;427.788;7
2021-02-22-10-22-00-472;1210;248;1203.86;420.689;7
2021-02-22-10-22-00-489;1210;248;1204.05;413.638;6
2021-02-22-10-22-00-506;1210;247;1204.25;406.663;6
2021-02-22-10-22-00-522;1210;247;1204.46;399.787;6
2021-02-22-10-22-00-538;1210;245;1204.67;393.035;6
2021-02-22-10-22-00-556;1210;244;1204.88;386.423;6
2021-02-22-10-22-00-572;1210;244;1205.1;379.97;5
2021-02-22-10-22-00-589;1210;244;1205.32;373.691;5
2021-02-22-10-22-00-606;1210;244;1205.54;367.597;5
2021-02-22-10-22-00-622;1210;244;1205.77;361.699;5
2021-02-22-10-22-00-639;1210;244;1205.99;356.006;5
2021-02-22-10-22-00-655;1210;244;1206.2;350.524;4
2021-02-22-10-22-00-672;1210;244;1206.42;345.259;4
2021-02-22-10-22-00-689;1210;244;1206.63;340.215;4
2021-02-22-10-22-00-706;1210;244;1206.84;335.393;4
2021-02-22-10-22-00-722;1210;244;1207.04;330.796;4
2021-02-22-10-22-00-739;1210;244;1207.24;326.423;4
2021-02-22-10-22-00-755;1210;244;1207.43;322.273;4
2021-02-22-10-22-00-772;1210;244;1207.61;318.344;3
2021-02-22-10-22-00-789;1210;244;1207.79;314.635;3
2021-02-22-10-22-00-806;1210;244;1207.96;311.14;3
2021-02-22-10-22-00-822;1210;244;1208.13;307.856;3
2021-02-22-10-22-00-839;1210;244;1208.29;304.779;3
2021-02-22-10-22-00-855;1210;244;1208.44;301.902;3
2021-02-22-10-22-00-873;1210;244;1208.58;299.222;3
2021-02-22-10-22-00-888;1210;244;1208.72;296.73;3
2021-02-22-10-22-00-905;1210;244;1208.85;294.422;3
2021-02-22-10-22-00-922;1210;244;1208.97;292.291;3
2021-02-22-10-22-00-938;1210;244;1209.09;290.329;3
2021-02-22-10-22-00-958;1210;244;1209.2;288.53;2
2021-02-22-10-22-00-974;1210;244;1209.3;286.888;2
2021-02-22-10-22-00-992;1210;244;1209.4;285.394;2
2021-02-22-10-22-01-008;1210;244;1209.49;284.042;2
2021-02-22-10-22-01-025;1210;244;1209.57;282.825;2
2021-02-22-10-22-01-042;1210;244;1209.65;281.736;2
2021-02-22-10-22-01-058;1210;244;1209.73;280.767;2
2021-02-22-10-22-01-075;1210;244;1209.79;279.913;2
2021-02-22-10-22-01-093;1210;244;1209.86;279.166;2
2021-02-22-10-22-01-108;1210;244;1209.91;278.519;2
2021-02-22-10-22-01-126;1210;244;1209.96;277.967;2
2021-02-22-10-22-01-142;1210;244;1210.01;277.503;2
2021-02-22-10-22-01-158;1210;244;1210.05;277.121;2
2021-02-22-10-22-01-174;1210;244;1210.09;276.815;2
2021-02-22-10-22-01-191;1210;244;1210.13;276.579;2
2021-02-22-10-22-01-208;1210;244;1210.16;276.408;2
2021-02-22-10-22-01-225;1210;244;1210.19;276.296;2
2021-02-22-10-22-01-242;1210;244;1210.21;276.239;2
2021-02-22-10-22-01-259;1210;244;1210.23;276.232;2
2021-02-22-10-22-01-275;1210;244;1210.25;276.27;2
2021-02-22-10-22-01-292;1210;244;1210.26;276.349;2
2021-02-22-10-22-01-308;1210;244;1210.28;276.464;2
2021-02-22-10-22-01-325;1210;244;1210.28;276.612;2
2021-02-22-10-22-01-342;1210;244;1210.29;276.789;2
2021-02-22-10-22-01-358;1210;244;1210.3;276.992;2
2021-02-22-10-22-01-375;1210;244;1210.3;277.216;2
2021-02-22-10-22-01-392;1210;244;1210.3;277.46;2
2021-02-22-10-22-01-408;1210;244;1210.3;277.72;2
2021-02-22-10-22-01-425;1210;244;1210.3;277.993;2
2021-02-22-10-22-01-441;1210;244;1210.3;278.278;2
2021-02-22-10-22-01-458;1210;244;1210.3;278.571;2
2021-02-22-10-22-01-475;1210;244;1210.29;278.87;2
2021-02-22-10-22-01-492;1210;244;1210.29;279.174;2
2021-02-22-10-22-01-508;1210;244;1210.28;279.481;2
2021-02-22-10-22-01-525;1210;244;1210.28;279.789;2
2021-02-22-10-22-01-542;1210;244;1210.27;280.097;2
2021-02-22-10-22-01-559;1210;244;1210.26;280.402;2
2021-02-22-10-22-01-575;1210;244;1210.25;280.705;2
2021-02-22-10-22-01-592;1210;244;1210.24;281.004;2
2021-02-22-10-22-01-608;1210;244;1210.23;281.298;2
2021-02-22-10-22-01-625;1210;244;1210.22;281.585;2
2021-02-22-10-22-01-643;1210;244;1210.21;281.866;2
2021-02-22-10-22-01-658;1210;244;1210.2;282.14;2
2021-02-22-10-22-01-675;1210;244;1210.2;282.406;2
2021-02-22-10-22-01-691;1210;244;1210.19;282.663;2
2021-02-22-10-22-01-708;1210;244;1210.18;282.912;2
2021-02-22-10-22-01-725;1210;244;1210.17;283.151;2
2021-02-22-10-22-01-742;1210;244;1210.16;283.381;2
2021-02-22-10-22-01-758;1210;244;1210.15;283.602;2
2021-02-22-10-22-01-775;1210;244;1210.14;283.813;2
2021-02-22-10-22-01-793;1210;244;1210.13;284.014;2
2021-02-22-10-22-01-809;1210;244;1210.12;284.206;2
2021-02-22-10-22-01-825;1210;244;1210.11;284.388;2
2021-02-22-10-22-01-844;1210;244;1210.11;284.56;2
2021-02-22-10-22-01-859;1209;246;1210.1;284.723;2
2021-02-22-10-22-01-876;1209;247;1210.08;284.876;2
2021-02-22-10-22-01-893;1209;248;1210.07;285.021;2
2021-02-22-10-22-01-909;1209;248;1210.05;285.156;2
2021-02-22-10-22-01-925;1209;248;1210.03;285.283;2
2021-02-22-10-22-01-943;1209;248;1210;285.401;2
2021-02-22-10-22-01-959;1209;248;1209.98;285.51;2
2021-02-22-10-22-01-976;1209;248;1209.95;285.612;2
2021-02-22-10-22-01-993;1209;248;1209.92;285.706;2
2021-02-22-10-22-02-009;1209;248;1209.88;285.793;2
2021-02-22-10-22-02-022;1209;248;1209.85;285.872;2
2021-02-22-10-22-02-039;1209;248;1209.82;285.945;2
2021-02-22-10-22-02-056;1210;250;1209.78;286.011;2
2021-02-22-10-22-02-072;1210;250;1209.75;286.071;2
2021-02-22-10-22-02-089;1210;251;1209.73;286.125;2
2021-02-22-10-22-02-106;1210;251;1209.7;286.174;2
2021-02-22-10-22-02-122;1210;252;1209.69;286.217;2
2021-02-22-10-22-02-139;1210;253;1209.67;286.255;2
2021-02-22-10-22-02-155;1210;256;1209.66;286.288;2
2021-02-22-10-22-02-172;1211;261;1209.65;286.317;2
2021-02-22-10-22-02-189;1212;264;1209.65;286.342;2
2021-02-22-10-22-02-206;1212;267;1209.65;286.363;2
2021-02-22-10-22-02-222;1212;268;1209.67;286.381;2
2021-02-22-10-22-02-239;1212;268;1209.7;286.395;2
2021-02-22-10-22-02-255;1212;268;1209.73;286.406;2
2021-02-22-10-22-02-273;1212;268;1209.77;286.414;2
2021-02-22-10-22-02-289;1212;268;1209.82;286.419;2
2021-02-22-10-22-02-306;1212;268;1209.88;286.422;2
2021-02-22-10-22-02-323;1212;268;1209.93;286.423;2
2021-02-22-10-22-02-339;1212;268;1210;286.422;2
2021-02-22-10-22-02-356;1212;269;1210.06;286.419;2
2021-02-22-10-22-02-373;1212;269;1210.13;286.414;2
2021-02-22-10-22-02-389;1212;269;1210.2;286.408;2
2021-02-22-10-22-02-406;1212;269;1210.27;286.401;2
2021-02-22-10-22-02-423;1212;269;1210.34;286.392;2
2021-02-22-10-22-02-439;1212;269;1210.42;286.383;2
2021-02-22-10-22-02-456;1212;269;1210.49;286.372;2
2021-02-22-10-22-02-472;1212;269;1210.57;286.361;2
2021-02-22-10-22-02-489;1212;269;1210.64;286.349;2
2021-02-22-10-22-02-506;1212;269;1210.71;286.337;2
2021-02-22-10-22-02-523;1212;269;1210.79;286.325;2
2021-02-22-10-22-02-539;1212;269;1210.86;286.312;2
2021-02-22-10-22-02-556;1212;269;1210.93;286.299;2
2021-02-22-10-22-02-573;1212;269;1210.99;286.285;2
2021-02-22-10-22-02-589;1212;269;1211.06;286.272;2
2021-02-22-10-22-02-606;1212;269;1211.12;286.259;2
2021-02-22-10-22-02-622;1212;270;1211.19;286.245;2
2021-02-22-10-22-02-639;1211;270;1211.25;286.232;2
2021-02-22-10-22-02-656;1211;271;1211.3;286.219;2
2021-02-22-10-22-02-673;1211;271;1211.35;286.207;2
2021-02-22-10-22-02-689;1211;271;1211.39;286.194;2
2021-02-22-10-22-02-706;1211;271;1211.42;286.182;2
2021-02-22-10-22-02-723;1211;272;1211.45;286.17;2
2021-02-22-10-22-02-739;1211;273;1211.48;286.158;2
2021-02-22-10-22-02-756;1211;274;1211.5;286.147;2
2021-02-22-10-22-02-773;1211;274;1211.52;286.136;2
2021-02-22-10-22-02-789;1211;274;1211.53;286.126;2
2021-02-22-10-22-02-806;1211;274;1211.54;286.116;2
2021-02-22-10-22-02-823;1211;274;1211.55;286.106;2
2021-02-22-10-22-02-855;1211;274;1211.55;286.097;2
2021-02-22-10-22-02-872;1211;274;1211.55;286.088;2
2021-02-22-10-22-02-889;1211;274;1211.55;286.08;2
2021-02-22-10-22-02-906;1211;274;1211.54;286.072;2
2021-02-22-10-22-02-923;1211;273;1211.53;286.064;2
2021-02-22-10-22-02-940;1211;272;1211.53;286.057;2
2021-02-22-10-22-02-956;1211;270;1211.52;286.05;2
2021-02-22-10-22-02-973;1211;265;1211.5;286.044;2
2021-02-22-10-22-02-990;1212;257;1211.49;286.038;2
2021-02-22-10-22-03-006;1216;244;1211.49;286.032;2
2021-02-22-10-22-03-023;1217;237;1211.5;286.027;2
2021-02-22-10-22-03-039;1218;232;1211.54;286.022;2
2021-02-22-10-22-03-056;1218;230;1211.6;286.018;2
2021-02-22-10-22-03-073;1218;229;1211.68;286.014;2
2021-02-22-10-22-03-090;1217;228;1211.79;286.01;2
2021-02-22-10-22-03-106;1217;228;1211.91;286.006;2
2021-02-22-10-22-03-123;1217;227;1212.04;286.003;2
2021-02-22-10-22-03-140;1217;227;1212.18;286;2
2021-02-22-10-22-03-156;1217;226;1212.33;285.998;2
2021-02-22-10-22-03-173;1217;225;1212.49;285.995;2
2021-02-22-10-22-03-190;1217;225;1212.65;285.993;2
2021-02-22-10-22-03-210;1217;224;1212.82;285.991;2
2021-02-22-10-22-03-227;1217;223;1212.99;285.989;2
2021-02-22-10-22-03-243;1217;223;1213.17;285.988;2
2021-02-22-10-22-03-260;1216;222;1213.34;285.987;2
2021-02-22-10-22-03-276;1216;221;1213.51;285.985;2
2021-02-22-10-22-03-293;1215;219;1213.68;285.984;2
2021-02-22-10-22-03-309;1215;219;1213.84;285.984;2
2021-02-22-10-22-03-327;1215;217;1213.98;285.983;2
2021-02-22-10-22-03-343;1215;214;1214.12;285.983;2
2021-02-22-10-22-03-359;1215;212;1214.25;285.982;2
2021-02-22-10-22-03-377;1215;209;1214.37;285.982;2
2021-02-22-10-22-03-393;1215;208;1214.49;285.982;2
2021-02-22-10-22-03-410;1215;207;1214.59;285.982;2
2021-02-22-10-22-03-427;1215;206;1214.69;285.982;2
2021-02-22-10-22-03-444;1215;205;1214.78;285.982;2
2021-02-22-10-22-03-460;1215;204;1214.86;285.982;2
2021-02-22-10-22-03-476;1214;202;1214.93;285.982;2
2021-02-22-10-22-03-494;1214;201;1214.99;285.983;2
2021-02-22-10-22-03-510;1214;199;1215.05;285.983;2
2021-02-22-10-22-03-526;1214;197;1215.09;285.983;2
2021-02-22-10-22-03-544;1214;196;1215.13;285.984;2
2021-02-22-10-22-03-560;1214;195;1215.15;285.984;2
2021-02-22-10-22-03-577;1214;195;1215.17;285.985;2
2021-02-22-10-22-03-594;1214;195;1215.18;285.985;2
2021-02-22-10-22-03-610;1214;194;1215.19;285.986;2
2021-02-22-10-22-03-626;1214;194;1215.19;285.986;2
2021-02-22-10-22-03-643;1214;194;1215.18;285.987;2
2021-02-22-10-22-03-660;1214;193;1215.17;285.988;2
2021-02-22-10-22-03-676;1214;193;1215.15;285.988;2
2021-02-22-10-22-03-693;1214;192;1215.13;285.989;2
2021-02-22-10-22-03-710;1214;191;1215.11;285.989;2
2021-02-22-10-22-03-726;1214;188;1215.09;285.99;2
2021-02-22-10-22-03-743;1214;187;1215.06;285.99;2
2021-02-22-10-22-03-760;1214;186;1215.03;285.991;2
2021-02-22-10-22-03-777;1214;185;1215;285.991;2
2021-02-22-10-22-03-794;1214;185;1214.96;285.992;2
2021-02-22-10-22-03-810;1214;183;1214.93;285.993;2
2021-02-22-10-22-03-827;1214;181;1214.89;285.993;2
2021-02-22-10-22-03-844;1214;174;1214.85;285.994;2
2021-02-22-10-22-03-860;1214;167;1214.82;285.994;2
2021-02-22-10-22-03-877;1215;160;1214.78;285.994;2
2021-02-22-10-22-03-893;1217;150;1214.75;285.995;2
2021-02-22-10-22-03-910;1218;145;1214.73;285.995;2
2021-02-22-10-22-03-927;1219;138;1214.73;285.996;2
2021-02-22-10-22-03-944;1219;132;1214.75;285.996;2
2021-02-22-10-22-03-961;1219;131;1214.78;285.996;2
2021-02-22-10-22-03-977;1219;130;1214.83;285.997;2
2021-02-22-10-22-03-994;1219;130;1214.9;285.997;2
2021-02-22-10-22-04-010;1219;130;1214.97;285.997;2
2021-02-22-10-22-04-027;1219;130;1215.06;285.998;2
2021-02-22-10-22-04-044;1219;131;1215.16;285.998;2
2021-02-22-10-22-04-061;1219;131;1215.27;285.998;2
2021-02-22-10-22-04-077;1219;132;1215.38;285.999;2
2021-02-22-10-22-04-094;1219;133;1215.5;285.999;2
2021-02-22-10-22-04-110;1219;135;1215.62;285.999;2
2021-02-22-10-22-04-127;1219;141;1215.75;285.999;2
2021-02-22-10-22-04-144;1219;150;1215.88;285.999;2
2021-02-22-10-22-04-161;1217;162;1216.01;286;2
2021-02-22-10-22-04-177;1215;172;1216.14;286;2
2021-02-22-10-22-04-194;1212;189;1216.24;286;2
2021-02-22-10-22-04-211;1211;201;1216.32;286;2
2021-02-22-10-22-04-227;1211;206;1216.37;286;2
2021-02-22-10-22-04-244;1211;225;1216.39;286;2
2021-02-22-10-22-04-261;1211;233;1216.38;286;2
2021-02-22-10-22-04-274;1211;237;1216.35;286;2
2021-02-22-10-22-04-290;1211;244;1216.3;286;2
2021-02-22-10-22-04-307;1211;250;1216.22;286.001;2
2021-02-22-10-22-04-324;1211;259;1216.13;286.001;2
2021-02-22-10-22-04-341;1212;264;1216.03;286.001;2
2021-02-22-10-22-04-357;1213;267;1215.92;286.001;2
2021-02-22-10-22-04-374;1213;268;1215.8;286.001;2
2021-02-22-10-22-04-391;1213;269;1215.69;286.001;2
2021-02-22-10-22-04-407;1213;269;1215.57;286.001;2
2021-02-22-10-22-04-424;1213;269;1215.45;286.001;2
2021-02-22-10-22-04-441;1213;269;1215.33;286.001;2
2021-02-22-10-22-04-457;1213;270;1215.21;286.001;2
2021-02-22-10-22-04-474;1214;270;1215.09;286.001;2
2021-02-22-10-22-04-491;1214;272;1214.98;286.001;2
2021-02-22-10-22-04-508;1214;274;1214.88;286.001;2
2021-02-22-10-22-04-524;1215;275;1214.78;286.001;2
2021-02-22-10-22-04-541;1215;276;1214.69;286.001;2
2021-02-22-10-22-04-557;1215;277;1214.61;286.001;2
2021-02-22-10-22-04-574;1215;278;1214.54;286.001;2
2021-02-22-10-22-04-591;1215;278;1214.47;286.001;2
2021-02-22-10-22-04-607;1215;278;1214.42;286.001;2
2021-02-22-10-22-04-625;1215;278;1214.37;286.001;2
2021-02-22-10-22-04-641;1215;278;1214.33;286.001;2
2021-02-22-10-22-04-658;1215;279;1214.3;286.001;2
2021-02-22-10-22-04-675;1215;279;1214.27;286.001;2
2021-02-22-10-22-04-691;1215;283;1214.25;286.001;2
2021-02-22-10-22-04-708;1215;290;1214.24;286.001;2
2021-02-22-10-22-04-724;1215;297;1214.23;286.001;2
2021-02-22-10-22-04-741;1213;302;1214.22;286.001;2
2021-02-22-10-22-04-758;1212;305;1214.21;286;2
2021-02-22-10-22-04-774;1212;306;1214.19;286;2
2021-02-22-10-22-04-791;1212;307;1214.16;286;2
2021-02-22-10-22-04-808;1212;307;1214.13;286;2
2021-02-22-10-22-04-824;1212;308;1214.09;286;2
2021-02-22-10-22-04-853;1212;308;1214.04;286;2
2021-02-22-10-22-04-859;1212;308;1213.99;286;2
2021-02-22-10-22-04-876;1212;308;1213.93;286;2
2021-02-22-10-22-04-893;1212;308;1213.87;286;2
2021-02-22-10-22-04-909;1212;308;1213.81;286;2
2021-02-22-10-22-04-926;1212;308;1213.74;286;2
2021-02-22-10-22-04-942;1212;308;1213.68;286;2
2021-02-22-10-22-04-959;1212;308;1213.61;286;2
2021-02-22-10-22-04-976;1212;308;1213.54;286;2
2021-02-22-10-22-04-992;1212;308;1213.47;286;2
2021-02-22-10-22-05-009;1212;308;1213.4;286;2
2021-02-22-10-22-05-026;1212;308;1213.33;286;2
2021-02-22-10-22-05-042;1212;308;1213.26;286;2
2021-02-22-10-22-05-059;1212;308;1213.19;286;2
2021-02-22-10-22-05-076;1212;308;1213.12;286;2
2021-02-22-10-22-05-092;1212;308;1213.06;286;2
2021-02-22-10-22-05-110;1212;308;1212.99;286;2
2021-02-22-10-22-05-126;1212;308;1212.93;286;2
2021-02-22-10-22-05-142;1212;308;1212.87;286;2
2021-02-22-10-22-05-159;1212;308;1212.81;286;2
2021-02-22-10-22-05-176;1212;308;1212.75;286;2
2021-02-22-10-22-05-195;1212;308;1212.69;286;2
2021-02-22-10-22-05-211;1212;308;1212.64;286;2
2021-02-22-10-22-05-230;1212;308;1212.59;286;2
2021-02-22-10-22-05-245;1212;308;1212.54;286;2
2021-02-22-10-22-05-261;1212;308;1212.49;286;2
2021-02-22-10-22-05-278;1212;308;1212.44;286;2
2021-02-22-10-22-05-295;1212;308;1212.4;286;2
2021-02-22-10-22-05-311;1212;308;1212.36;286;2
2021-02-22-10-22-05-329;1212;308;1212.32;286.036;2
2021-02-22-10-22-05-345;1212;308;1212.28;286.179;2
2021-02-22-10-22-05-362;1212;308;1212.25;286.452;2
2021-02-22-10-22-05-378;1212;308;1212.22;286.844;2
2021-02-22-10-22-05-396;1212;309;1212.19;287.341;2
2021-02-22-10-22-05-412;1212;309;1212.16;287.932;2
2021-02-22-10-22-05-428;1212;309;1212.13;288.604;2
2021-02-22-10-22-05-446;1212;309;1212.11;289.348;2
2021-02-22-10-22-05-461;1212;309;1212.08;290.153;2
2021-02-22-10-22-05-478;1213;310;1212.06;291.009;2
2021-02-22-10-22-05-495;1213;310;1212.05;291.909;2
2021-02-22-10-22-05-512;1213;310;1212.04;292.844;2
2021-02-22-10-22-05-529;1213;310;1212.04;293.806;2
2021-02-22-10-22-05-545;1213;311;1212.04;294.789;2
2021-02-22-10-22-05-562;1213;311;1212.04;295.786;2
2021-02-22-10-22-05-578;1213;311;1212.05;296.791;2
2021-02-22-10-22-05-595;1213;311;1212.06;297.799;3
2021-02-22-10-22-05-612;1213;311;1212.08;298.805;3
2021-02-22-10-22-05-629;1213;311;1212.1;299.805;3
2021-02-22-10-22-05-645;1213;311;1212.12;300.794;3
2021-02-22-10-22-05-662;1213;311;1212.14;301.77;3
2021-02-22-10-22-05-678;1213;311;1212.17;302.729;3
2021-02-22-10-22-05-695;1213;311;1212.19;303.668;3
2021-02-22-10-22-05-711;1213;311;1212.22;304.585;3
2021-02-22-10-22-05-729;1213;311;1212.25;305.477;3
2021-02-22-10-22-05-745;1213;311;1212.28;306.344;3
2021-02-22-10-22-05-761;1213;311;1212.31;307.182;3
2021-02-22-10-22-05-778;1213;311;1212.34;307.992;3
2021-02-22-10-22-05-795;1213;311;1212.37;308.772;3
2021-02-22-10-22-05-811;1213;311;1212.4;309.522;3
2021-02-22-10-22-05-829;1213;311;1212.43;310.24;3
2021-02-22-10-22-05-845;1213;311;1212.46;310.927;3
2021-02-22-10-22-05-863;1213;311;1212.49;311.581;3
2021-02-22-10-22-05-878;1213;311;1212.52;312.205;3
2021-02-22-10-22-05-895;1213;311;1212.55;312.796;3
2021-02-22-10-22-05-912;1213;311;1212.57;313.356;3
2021-02-22-10-22-05-929;1213;311;1212.6;313.885;3
2021-02-22-10-22-05-945;1213;311;1212.63;314.384;3
2021-02-22-10-22-05-962;1213;311;1212.65;314.852;3
2021-02-22-10-22-05-978;1213;311;1212.68;315.292;3
2021-02-22-10-22-05-996;1213;311;1212.7;315.702;3
2021-02-22-10-22-06-012;1213;311;1212.73;316.085;3
2021-02-22-10-22-06-028;1213;311;1212.75;316.441;3
2021-02-22-10-22-06-046;1213;311;1212.77;316.771;3
2021-02-22-10-22-06-063;1213;311;1212.79;317.076;3
2021-02-22-10-22-06-078;1213;311;1212.81;317.356;3
2021-02-22-10-22-06-095;1213;311;1212.83;317.614;3
2021-02-22-10-22-06-112;1213;311;1212.85;317.849;3
2021-02-22-10-22-06-129;1213;311;1212.86;318.063;3
2021-02-22-10-22-06-146;1213;311;1212.88;318.257;3
2021-02-22-10-22-06-162;1213;311;1212.89;318.431;3
2021-02-22-10-22-06-179;1213;311;1212.91;318.587;3
2021-02-22-10-22-06-196;1213;311;1212.92;318.727;3
2021-02-22-10-22-06-212;1213;311;1212.93;318.849;3
2021-02-22-10-22-06-229;1213;311;1212.94;318.957;3
2021-02-22-10-22-06-246;1213;311;1212.95;319.05;3
2021-02-22-10-22-06-259;1213;311;1212.96;319.13;3
2021-02-22-10-22-06-276;1213;311;1212.97;319.197;3
2021-02-22-10-22-06-293;1213;311;1212.98;319.252;3
2021-02-22-10-22-06-309;1213;311;1212.99;319.297;3
2021-02-22-10-22-06-326;1213;311;1213;319.331;3
2021-02-22-10-22-06-342;1213;311;1213;319.357;3
2021-02-22-10-22-06-359;1213;311;1213.01;319.373;3
2021-02-22-10-22-06-377;1213;311;1213.01;319.382;3
2021-02-22-10-22-06-392;1213;311;1213.02;319.384;3
2021-02-22-10-22-06-409;1213;311;1213.02;319.379;3
2021-02-22-10-22-06-426;1213;311;1213.03;319.369;3
2021-02-22-10-22-06-442;1213;311;1213.03;319.353;3
2021-02-22-10-22-06-459;1213;311;1213.03;319.333;3
2021-02-22-10-22-06-476;1213;311;1213.03;319.308;3
2021-02-22-10-22-06-493;1213;311;1213.04;319.28;3
2021-02-22-10-22-06-509;1213;311;1213.04;319.248;3
2021-02-22-10-22-06-526;1213;311;1213.04;319.214;3
2021-02-22-10-22-06-543;1213;311;1213.04;319.177;3
2021-02-22-10-22-06-559;1213;311;1213.04;319.139;3
2021-02-22-10-22-06-575;1213;311;1213.04;319.099;3
2021-02-22-10-22-06-592;1213;311;1213.04;319.057;3
2021-02-22-10-22-06-610;1213;311;1213.04;319.015;3
2021-02-22-10-22-06-626;1213;311;1213.04;318.972;3
2021-02-22-10-22-06-643;1213;311;1213.04;318.928;3
2021-02-22-10-22-06-659;1213;311;1213.04;318.885;3
2021-02-22-10-22-06-676;1213;311;1213.04;318.841;3
2021-02-22-10-22-06-692;1213;311;1213.04;318.798;3
2021-02-22-10-22-06-710;1213;311;1213.04;318.755;3
2021-02-22-10-22-06-726;1213;311;1213.04;318.713;3
2021-02-22-10-22-06-743;1213;311;1213.04;318.671;3
2021-02-22-10-22-06-760;1213;311;1213.04;318.63;3
2021-02-22-10-22-06-776;1213;311;1213.03;318.59;3
2021-02-22-10-22-06-793;1213;311;1213.03;318.551;3
2021-02-22-10-22-06-810;1213;311;1213.03;318.513;3
2021-02-22-10-22-06-826;1213;311;1213.03;318.477;3
2021-02-22-10-22-06-843;1213;311;1213.03;318.441;3
2021-02-22-10-22-06-860;1213;311;1213.03;318.407;3
2021-02-22-10-22-06-877;1213;311;1213.03;318.375;3
2021-02-22-10-22-06-893;1213;311;1213.03;318.343;3
2021-02-22-10-22-06-910;1213;311;1213.02;318.313;3
2021-02-22-10-22-06-926;1213;311;1213.02;318.285;3
2021-02-22-10-22-06-959;1213;310;1213.02;318.257;3
2021-02-22-10-22-06-976;1213;310;1213.02;318.231;3
2021-02-22-10-22-06-992;1213;310;1213.02;318.207;3
2021-02-22-10-22-07-009;1213;310;1213.02;318.184;3
2021-02-22-10-22-07-026;1213;310;1213.02;318.162;3
2021-02-22-10-22-07-043;1213;310;1213.02;318.141;3
2021-02-22-10-22-07-060;1213;310;1213.01;318.122;3
2021-02-22-10-22-07-076;1213;310;1213.01;318.104;3
2021-02-22-10-22-07-093;1213;310;1213.01;318.087;3
2021-02-22-10-22-07-109;1213;309;1213.01;318.071;3
2021-02-22-10-22-07-126;1213;308;1213.01;318.057;3
2021-02-22-10-22-07-143;1213;307;1213.01;318.043;3
2021-02-22-10-22-07-163;1213;306;1213.01;318.031;3
2021-02-22-10-22-07-179;1213;299;1213.01;318.019;3
2021-02-22-10-22-07-196;1214;294;1213.01;318.009;3
2021-02-22-10-22-07-212;1213;284;1213.01;317.999;3
2021-02-22-10-22-07-229;1212;273;1213.01;317.991;3
2021-02-22-10-22-07-247;1211;259;1213.01;317.983;3
2021-02-22-10-22-07-263;1211;254;1213;317.976;3
2021-02-22-10-22-07-280;1211;249;1212.98;317.97;3
2021-02-22-10-22-07-297;1211;248;1212.96;317.964;3
2021-02-22-10-22-07-314;1211;247;1212.92;317.96;3
2021-02-22-10-22-07-331;1211;247;1212.89;317.955;3
2021-02-22-10-22-07-348;1211;246;1212.84;317.952;3
2021-02-22-10-22-07-364;1211;245;1212.79;317.949;3
2021-02-22-10-22-07-380;1211;244;1212.74;317.946;3
2021-02-22-10-22-07-396;1211;242;1212.69;317.944;3
2021-02-22-10-22-07-413;1211;241;1212.63;317.943;3
2021-02-22-10-22-07-430;1212;241;1212.57;317.942;3
2021-02-22-10-22-07-446;1212;240;1212.52;317.941;3
2021-02-22-10-22-07-463;1212;239;1212.46;317.94;3
2021-02-22-10-22-07-480;1212;239;1212.41;317.94;3
2021-02-22-10-22-07-496;1212;239;1212.37;317.94;3
2021-02-22-10-22-07-513;1212;239;1212.32;317.941;3
2021-02-22-10-22-07-530;1212;239;1212.28;317.941;3
2021-02-22-10-22-07-547;1212;238;1212.24;317.942;3
2021-02-22-10-22-07-563;1212;238;1212.2;317.943;3
2021-02-22-10-22-07-580;1212;238;1212.17;317.944;3
2021-02-22-10-22-07-596;1212;238;1212.14;317.946;3
2021-02-22-10-22-07-613;1212;238;1212.11;317.947;3
2021-02-22-10-22-07-631;1212;238;1212.08;317.949;3
2021-02-22-10-22-07-647;1212;238;1212.05;317.95;3
2021-02-22-10-22-07-663;1212;238;1212.03;317.952;3
2021-02-22-10-22-07-679;1212;238;1212.01;317.954;3
2021-02-22-10-22-07-696;1212;238;1211.99;317.956;3
2021-02-22-10-22-07-713;1212;238;1211.97;317.957;3
2021-02-22-10-22-07-730;1212;238;1211.96;317.959;3
2021-02-22-10-22-07-747;1212;238;1211.94;317.961;3
2021-02-22-10-22-07-763;1212;238;1211.93;317.963;3
2021-02-22-10-22-07-780;1212;238;1211.92;317.965;3
2021-02-22-10-22-07-796;1212;238;1211.91;317.967;3
2021-02-22-10-22-07-813;1212;238;1211.9;317.969;3
2021-02-22-10-22-07-830;1212;238;1211.9;317.971;3
2021-02-22-10-22-07-847;1212;238;1211.89;317.972;3
2021-02-22-10-22-07-863;1212;238;1211.88;317.901;3
2021-02-22-10-22-07-880;1212;238;1211.88;317.619;3
2021-02-22-10-22-07-897;1212;238;1211.88;317.073;3
2021-02-22-10-22-07-914;1212;238;1211.88;316.291;3
2021-02-22-10-22-07-931;1212;238;1211.87;315.298;3
2021-02-22-10-22-07-947;1212;238;1211.87;314.118;3
2021-02-22-10-22-07-963;1212;238;1211.87;312.775;3
2021-02-22-10-22-07-980;1212;238;1211.87;311.289;3
2021-02-22-10-22-07-997;1212;238;1211.88;309.681;3
2021-02-22-10-22-08-013;1212;238;1211.88;307.969;3
2021-02-22-10-22-08-030;1212;238;1211.88;306.17;3
2021-02-22-10-22-08-047;1212;238;1211.88;304.302;3
2021-02-22-10-22-08-064;1212;238;1211.88;302.379;3
2021-02-22-10-22-08-080;1212;238;1211.89;300.414;3
2021-02-22-10-22-08-097;1212;238;1211.89;298.422;3
2021-02-22-10-22-08-113;1212;238;1211.89;296.412;3
2021-02-22-10-22-08-131;1212;238;1211.9;294.397;3
2021-02-22-10-22-08-147;1212;238;1211.9;292.385;3
2021-02-22-10-22-08-163;1212;238;1211.9;290.386;3
2021-02-22-10-22-08-180;1212;238;1211.91;288.408;2
2021-02-22-10-22-08-197;1212;238;1211.91;286.457;2
2021-02-22-10-22-08-214;1212;238;1211.92;284.54;2
2021-02-22-10-22-08-227;1212;238;1211.92;282.663;2
2021-02-22-10-22-08-244;1212;238;1211.92;280.829;2
2021-02-22-10-22-08-260;1212;238;1211.93;279.045;2
2021-02-22-10-22-08-278;1212;238;1211.93;277.313;2
2021-02-22-10-22-08-294;1212;238;1211.94;275.635;2
2021-02-22-10-22-08-310;1212;238;1211.94;274.016;2
2021-02-22-10-22-08-328;1212;238;1211.94;272.456;2
2021-02-22-10-22-08-344;1212;238;1211.95;270.958;2
2021-02-22-10-22-08-361;1212;238;1211.95;269.522;2
2021-02-22-10-22-08-378;1212;238;1211.95;268.148;2
2021-02-22-10-22-08-394;1212;238;1211.96;266.839;2
2021-02-22-10-22-08-410;1212;238;1211.96;265.593;2
2021-02-22-10-22-08-428;1212;238;1211.96;264.41;2
2021-02-22-10-22-08-444;1212;238;1211.97;263.29;2
2021-02-22-10-22-08-460;1212;238;1211.97;262.232;2
2021-02-22-10-22-08-477;1212;238;1211.97;261.235;2
2021-02-22-10-22-08-494;1212;238;1211.97;260.298;2
2021-02-22-10-22-08-511;1212;238;1211.98;259.419;2
2021-02-22-10-22-08-527;1212;238;1211.98;258.598;2
2021-02-22-10-22-08-544;1212;238;1211.98;257.832;1
2021-02-22-10-22-08-561;1212;238;1211.98;257.12;1
2021-02-22-10-22-08-578;1212;238;1211.99;256.461;1
2021-02-22-10-22-08-594;1212;238;1211.99;255.851;1
2021-02-22-10-22-08-611;1212;238;1211.99;255.29;1
2021-02-22-10-22-08-627;1212;238;1211.99;254.775;1
2021-02-22-10-22-08-644;1212;238;1211.99;254.305;1
2021-02-22-10-22-08-661;1212;238;1211.99;253.877;1
2021-02-22-10-22-08-678;1212;238;1212;253.489;1
2021-02-22-10-22-08-694;1212;238;1212;253.14;1
2021-02-22-10-22-08-711;1212;238;1212;252.827;1
2021-02-22-10-22-08-728;1212;238;1212;252.549;1
2021-02-22-10-22-08-744;1212;238;1212;252.303;1
2021-02-22-10-22-08-761;1212;238;1212;252.088;1
2021-02-22-10-22-08-778;1212;238;1212;251.902;1
2021-02-22-10-22-08-794;1212;238;1212;251.742;1
2021-02-22-10-22-08-811;1212;238;1212;251.608;1
2021-02-22-10-22-08-828;1212;238;1212;251.497;1
2021-02-22-10-22-08-844;1212;238;1212;251.408;1
2021-02-22-10-22-08-861;1212;238;1212;251.339;1
2021-02-22-10-22-08-878;1212;238;1212;251.288;1
2021-02-22-10-22-08-894;1212;238;1212;251.255;1
2021-02-22-10-22-08-911;1212;238;1212;251.237;1
2021-02-22-10-22-08-928;1212;238;1212.01;251.233;1
2021-02-22-10-22-08-944;1212;238;1212.01;251.242;1
2021-02-22-10-22-08-961;1212;238;1212.01;251.263;1
2021-02-22-10-22-08-978;1212;238;1212.01;251.295;1
2021-02-22-10-22-08-998;1212;238;1212.01;251.336;1
2021-02-22-10-22-09-014;1212;238;1212.01;251.385;1
2021-02-22-10-22-09-031;1212;238;1212.01;251.442;1
2021-02-22-10-22-09-048;1212;238;1212.01;251.504;1
2021-02-22-10-22-09-064;1212;238;1212.01;251.573;1
2021-02-22-10-22-09-081;1212;238;1212.01;251.646;1
2021-02-22-10-22-09-099;1212;238;1212.01;251.723;1
2021-02-22-10-22-09-114;1212;238;1212.01;251.803;1
2021-02-22-10-22-09-131;1212;238;1212.01;251.886;1
2021-02-22-10-22-09-148;1212;238;1212;251.971;1
2021-02-22-10-22-09-165;1212;238;1212;252.057;1
2021-02-22-10-22-09-181;1212;238;1212;252.143;1
2021-02-22-10-22-09-198;1212;238;1212;252.231;1
2021-02-22-10-22-09-214;1212;238;1212;252.318;1
2021-02-22-10-22-09-231;1212;238;1212;252.404;1
2021-02-22-10-22-09-248;1212;238;1212;252.49;1
2021-02-22-10-22-09-264;1212;238;1212;252.575;1
2021-02-22-10-22-09-281;1212;238;1212;252.658;1
2021-02-22-10-22-09-298;1211;238;1212;252.74;1
2021-02-22-10-22-09-315;1211;239;1212;252.82;1
2021-02-22-10-22-09-332;1211;240;1211.99;252.898;1
2021-02-22-10-22-09-348;1211;240;1211.98;252.973;1
2021-02-22-10-22-09-365;1211;240;1211.96;253.046;1
2021-02-22-10-22-09-381;1211;241;1211.94;253.117;1
2021-02-22-10-22-09-399;1211;241;1211.92;253.185;1
2021-02-22-10-22-09-415;1211;241;1211.9;253.251;1
2021-02-22-10-22-09-432;1211;242;1211.87;253.313;1
2021-02-22-10-22-09-448;1211;242;1211.85;253.374;1
2021-02-22-10-22-09-465;1211;242;1211.82;253.431;1
2021-02-22-10-22-09-481;1211;242;1211.79;253.486;1
2021-02-22-10-22-09-498;1212;242;1211.76;253.537;1
2021-02-22-10-22-09-515;1212;243;1211.73;253.586;1
2021-02-22-10-22-09-532;1212;243;1211.71;253.633;1
2021-02-22-10-22-09-549;1212;244;1211.69;253.677;1
2021-02-22-10-22-09-565;1212;244;1211.67;253.718;1
2021-02-22-10-22-09-582;1212;244;1211.66;253.757;1
2021-02-22-10-22-09-599;1212;244;1211.65;253.793;1
2021-02-22-10-22-09-616;1212;244;1211.64;253.826;1
2021-02-22-10-22-09-632;1212;244;1211.64;253.858;1
2021-02-22-10-22-09-648;1212;244;1211.63;253.887;1
2021-02-22-10-22-09-665;1212;244;1211.63;253.914;1
2021-02-22-10-22-09-681;1212;244;1211.63;253.939;1
2021-02-22-10-22-09-699;1212;244;1211.64;253.961;1
2021-02-22-10-22-09-715;1212;244;1211.64;253.982;1
2021-02-22-10-22-09-732;1212;244;1211.64;254.001;1
2021-02-22-10-22-09-748;1212;244;1211.65;254.018;1
2021-02-22-10-22-09-765;1212;245;1211.66;254.034;1
2021-02-22-10-22-09-782;1212;245;1211.67;254.048;1
2021-02-22-10-22-09-799;1212;245;1211.67;254.06;1
2021-02-22-10-22-09-815;1211;245;1211.68;254.071;1
2021-02-22-10-22-09-832;1211;245;1211.69;254.081;1
2021-02-22-10-22-09-849;1209;245;1211.69;254.089;1
2021-02-22-10-22-09-866;1208;245;1211.68;254.096;1
2021-02-22-10-22-09-882;1207;245;1211.65;254.102;1
2021-02-22-10-22-09-899;1205;245;1211.6;254.107;1
2021-02-22-10-22-09-916;1202;245;1211.53;254.111;1
2021-02-22-10-22-09-932;1198;245;1211.42;254.115;1
2021-02-22-10-22-09-948;1196;245;1211.26;254.117;1
2021-02-22-10-22-09-965;1183;245;1211.03;254.119;1
2021-02-22-10-22-09-982;1173;245;1210.7;254.119;1
2021-02-22-10-22-09-999;1164;246;1210.23;254.12;1
2021-02-22-10-22-10-015;1152;247;1209.59;254.119;1
2021-02-22-10-22-10-032;1140;248;1208.75;254.119;1
2021-02-22-10-22-10-050;1133;248;1207.68;254.117;1
2021-02-22-10-22-10-062;1129;248;1206.37;254.116;1
2021-02-22-10-22-10-079;1123;248;1204.83;254.114;1
2021-02-22-10-22-10-095;1119;249;1203.06;254.111;1
2021-02-22-10-22-10-112;1116;249;1201.08;254.109;1
2021-02-22-10-22-10-128;1112;249;1198.89;254.106;1
2021-02-22-10-22-10-145;1110;249;1196.51;254.103;1
2021-02-22-10-22-10-162;1105;249;1193.96;254.099;1
2021-02-22-10-22-10-178;1099;250;1191.23;254.096;1
2021-02-22-10-22-10-195;1092;250;1188.35;254.092;1
2021-02-22-10-22-10-212;1085;251;1185.29;254.089;1
2021-02-22-10-22-10-229;1081;251;1182.06;254.085;1
2021-02-22-10-22-10-245;1076;251;1178.67;254.081;1
2021-02-22-10-22-10-262;1071;251;1175.13;254.077;1
2021-02-22-10-22-10-279;1065;252;1171.45;254.074;1
2021-02-22-10-22-10-295;1061;252;1167.62;254.07;1
2021-02-22-10-22-10-312;1058;253;1163.67;254.066;1
2021-02-22-10-22-10-329;1056;253;1159.61;254.063;1
2021-02-22-10-22-10-346;1055;253;1155.45;254.059;1
2021-02-22-10-22-10-362;1055;253;1151.22;254.055;1
2021-02-22-10-22-10-379;1054;253;1146.95;254.052;1
2021-02-22-10-22-10-396;1052;253;1142.65;254.049;1
2021-02-22-10-22-10-412;1050;253;1138.34;254.045;1
2021-02-22-10-22-10-429;1050;253;1134.04;254.042;1
2021-02-22-10-22-10-445;1049;254;1129.74;254.039;1
2021-02-22-10-22-10-462;1048;254;1125.49;254.036;1
2021-02-22-10-22-10-479;1044;254;1121.27;254.033;1
2021-02-22-10-22-10-495;1038;255;1117.09;254.03;1
2021-02-22-10-22-10-512;1036;256;1112.94;254.028;1
2021-02-22-10-22-10-529;1034;256;1108.83;254.025;1
2021-02-22-10-22-10-546;1033;256;1104.76;254.023;1
2021-02-22-10-22-10-562;1030;257;1100.75;254.021;1
2021-02-22-10-22-10-579;1026;257;1096.78;254.018;1
2021-02-22-10-22-10-596;1019;258;1092.86;254.016;1
2021-02-22-10-22-10-612;1013;259;1088.97;254.014;1
2021-02-22-10-22-10-629;1008;259;1085.09;254.013;1
2021-02-22-10-22-10-646;1001;260;1081.22;254.011;1
2021-02-22-10-22-10-662;996;261;1077.35;254.009;1
2021-02-22-10-22-10-679;989;263;1073.47;254.008;1
2021-02-22-10-22-10-696;986;264;1069.57;254.006;1
2021-02-22-10-22-10-712;985;264;1065.66;254.005;1
2021-02-22-10-22-10-729;985;264;1061.74;254.004;1
2021-02-22-10-22-10-746;985;265;1057.84;254.003;1
2021-02-22-10-22-10-762;985;265;1053.97;254.002;1
2021-02-22-10-22-10-779;985;265;1050.15;254.001;1
2021-02-22-10-22-10-795;985;265;1046.38;254;1
2021-02-22-10-22-10-812;985;265;1042.69;253.999;1
2021-02-22-10-22-10-830;985;265;1039.08;253.999;1
2021-02-22-10-22-10-846;985;265;1035.56;253.998;1
2021-02-22-10-22-10-863;985;265;1032.13;253.998;1
2021-02-22-10-22-10-880;985;265;1028.81;253.997;1
2021-02-22-10-22-10-896;985;265;1025.6;253.997;1
2021-02-22-10-22-10-913;985;265;1022.51;253.996;1
2021-02-22-10-22-10-930;985;265;1019.53;253.996;1
2021-02-22-10-22-10-946;985;265;1016.67;253.996;1
2021-02-22-10-22-10-963;985;265;1013.94;253.995;1
2021-02-22-10-22-10-980;985;265;1011.32;253.995;1
2021-02-22-10-22-10-996;985;265;1008.83;253.995;1
2021-02-22-10-22-11-013;985;265;1006.47;253.995;1
2021-02-22-10-22-11-029;985;265;1004.23;253.995;1
2021-02-22-10-22-11-046;985;265;1002.1;253.995;1
2021-02-22-10-22-11-063;985;265;1000.1;253.995;1
2021-02-22-10-22-11-079;985;265;998.216;253.995;1
2021-02-22-10-22-11-096;985;265;996.447;253.995;1
2021-02-22-10-22-11-113;985;265;994.791;253.995;1
2021-02-22-10-22-11-130;985;265;993.244;253.995;1
2021-02-22-10-22-11-146;985;265;991.804;253.995;1
2021-02-22-10-22-11-163;985;265;990.466;253.995;1
2021-02-22-10-22-11-179;985;265;989.229;253.995;1
2021-02-22-10-22-11-196;985;265;988.087;253.995;1
2021-02-22-10-22-11-213;985;265;987.038;253.996;1
2021-02-22-10-22-11-230;985;265;986.077;253.996;1
2021-02-22-10-22-11-246;985;265;985.201;253.996;1
2021-02-22-10-22-11-267;985;265;984.406;253.996;1
2021-02-22-10-22-11-283;985;265;983.687;253.996;1
2021-02-22-10-22-11-300;985;265;983.041;253.996;1
2021-02-22-10-22-11-316;985;265;982.464;253.996;1
2021-02-22-10-22-11-333;985;265;981.953;253.997;1
2021-02-22-10-22-11-350;985;265;981.503;253.997;1
2021-02-22-10-22-11-367;985;265;981.111;253.997;1
2021-02-22-10-22-11-383;985;265;980.773;253.997;1
2021-02-22-10-22-11-400;985;265;980.485;253.997;1
2021-02-22-10-22-11-417;985;265;980.246;253.997;1
2021-02-22-10-22-11-433;985;265;980.05;253.998;1
2021-02-22-10-22-11-450;985;265;979.895;253.998;1
2021-02-22-10-22-11-466;985;265;979.777;253.998;1
2021-02-22-10-22-11-483;985;265;979.694;253.998;1
2021-02-22-10-22-11-501;985;265;979.643;253.998;1
2021-02-22-10-22-11-517;985;265;979.622;253.998;1
2021-02-22-10-22-11-533;985;265;979.626;253.998;1
2021-02-22-10-22-11-550;985;265;979.655;253.999;1
2021-02-22-10-22-11-566;985;265;979.706;253.999;1
2021-02-22-10-22-11-583;985;265;979.776;253.999;1
2021-02-22-10-22-11-600;985;265;979.863;253.999;1
2021-02-22-10-22-11-616;985;265;979.965;253.999;1
2021-02-22-10-22-11-633;985;265;980.081;253.999;1
2021-02-22-10-22-11-650;985;265;980.208;253.999;1
2021-02-22-10-22-11-666;985;265;980.346;253.999;1
2021-02-22-10-22-11-683;985;265;980.491;253.999;1
2021-02-22-10-22-11-700;985;265;980.644;253.999;1
2021-02-22-10-22-11-716;985;265;980.802;254;1
2021-02-22-10-22-11-734;985;265;980.965;254;1
2021-02-22-10-22-11-750;985;265;981.131;254;1
2021-02-22-10-22-11-766;985;265;981.299;254;1
2021-02-22-10-22-11-783;985;265;981.468;254;1
2021-02-22-10-22-11-800;985;265;981.638;254;1
2021-02-22-10-22-11-816;985;265;981.807;254;1
2021-02-22-10-22-11-833;985;265;981.975;254;1
2021-02-22-10-22-11-850;985;265;982.141;254;1
2021-02-22-10-22-11-867;985;265;982.304;254;1
2021-02-22-10-22-11-883;985;265;982.465;254;1
2021-02-22-10-22-11-900;985;265;982.622;254;1
2021-02-22-10-22-11-917;985;265;982.776;254;1
2021-02-22-10-22-11-934;985;265;982.925;254;1
2021-02-22-10-22-11-950;985;265;983.07;254;1
2021-02-22-10-22-11-967;985;265;983.21;254;1
2021-02-22-10-22-11-983;985;265;983.345;254;1
2021-02-22-10-22-12-001;985;265;983.475;254;1
2021-02-22-10-22-12-017;985;265;983.6;254;1
2021-02-22-10-22-12-034;985;265;983.72;254;1
2021-02-22-10-22-12-051;985;265;983.834;254;1
2021-02-22-10-22-12-067;985;265;983.943;254;1
2021-02-22-10-22-12-083;985;265;984.047;254;1
2021-02-22-10-22-12-100;985;265;984.145;254;1
2021-02-22-10-22-12-117;985;265;984.238;254;1
2021-02-22-10-22-12-134;985;265;984.326;254;1
2021-02-22-10-22-12-151;985;265;984.409;254;1
2021-02-22-10-22-12-167;985;265;984.487;254;1
2021-02-22-10-22-12-183;985;265;984.559;254;1
2021-02-22-10-22-12-201;985;265;984.628;254;1
2021-02-22-10-22-12-217;985;265;984.691;254;1
2021-02-22-10-22-12-234;985;265;984.75;254;1
2021-02-22-10-22-12-250;985;265;984.804;254;1
2021-02-22-10-22-12-267;985;265;984.855;254;1
2021-02-22-10-22-12-284;985;265;984.901;254;1
2021-02-22-10-22-12-300;985;265;984.944;254;1
2021-02-22-10-22-12-318;985;265;984.982;254;1
2021-02-22-10-22-12-331;985;265;985.018;254;1
2021-02-22-10-22-12-347;985;265;985.05;254;1
2021-02-22-10-22-12-364;988;265;985.082;254;1
2021-02-22-10-22-12-381;990;265;985.123;254;1
2021-02-22-10-22-12-397;995;265;985.186;254;1
2021-02-22-10-22-12-414;1000;264;985.288;254;1
2021-02-22-10-22-12-430;1007;264;985.45;254;1
2021-02-22-10-22-12-447;1012;263;985.692;254;1
2021-02-22-10-22-12-464;1015;263;986.029;254;1
2021-02-22-10-22-12-481;1019;263;986.468;254;1
2021-02-22-10-22-12-497;1025;263;987.017;254;1
2021-02-22-10-22-12-514;1035;263;987.691;254;1
2021-02-22-10-22-12-531;1045;263;988.519;254;1
2021-02-22-10-22-12-548;1061;263;989.533;254;1
2021-02-22-10-22-12-565;1075;263;990.776;254;1
2021-02-22-10-22-12-581;1091;263;992.289;254;1
2021-02-22-10-22-12-597;1107;263;994.11;254;1
2021-02-22-10-22-12-614;1126;262;996.279;254;1
2021-02-22-10-22-12-631;1141;260;998.832;254;1
2021-02-22-10-22-12-651;1150;259;1001.79;254;1
2021-02-22-10-22-12-667;1162;258;1005.15;254;1
2021-02-22-10-22-12-684;1167;257;1008.9;254;1
2021-02-22-10-22-12-701;1178;257;1013.03;254;1
2021-02-22-10-22-12-718;1197;257;1017.53;254;1
2021-02-22-10-22-12-734;1204;257;1022.42;254;1
2021-02-22-10-22-12-751;1211;257;1027.68;254;1
2021-02-22-10-22-12-768;1215;257;1033.28;254;1
2021-02-22-10-22-12-785;1219;257;1039.19;254;1
2021-02-22-10-22-12-802;1225;257;1045.37;254;1
2021-02-22-10-22-12-818;1232;257;1051.79;254;1
2021-02-22-10-22-12-835;1237;257;1058.43;254;1
2021-02-22-10-22-12-852;1241;257;1065.26;254;1
2021-02-22-10-22-12-868;1244;256;1072.26;254;1
2021-02-22-10-22-12-884;1245;256;1079.39;254;1
2021-02-22-10-22-12-901;1246;255;1086.6;254;1
2021-02-22-10-22-12-917;1247;255;1093.87;254;1
2021-02-22-10-22-12-934;1253;255;1101.17;254;1
2021-02-22-10-22-12-951;1257;255;1108.47;254;1
2021-02-22-10-22-12-968;1264;255;1115.77;254;1
2021-02-22-10-22-12-985;1267;255;1123.07;254;1
2021-02-22-10-22-13-002;1271;255;1130.34;254;1
2021-02-22-10-22-13-019;1274;254;1137.57;254;1
2021-02-22-10-22-13-035;1280;254;1144.76;254;1
2021-02-22-10-22-13-051;1284;254;1151.89;254;1
2021-02-22-10-22-13-068;1287;254;1158.95;254;1
2021-02-22-10-22-13-084;1289;254;1165.94;254;1
2021-02-22-10-22-13-101;1290;254;1172.84;254;1
2021-02-22-10-22-13-118;1291;253;1179.62;254;1
2021-02-22-10-22-13-135;1291;253;1186.29;254;1
2021-02-22-10-22-13-152;1292;253;1192.8;254;1
2021-02-22-10-22-13-168;1292;253;1199.17;254;1
2021-02-22-10-22-13-185;1293;253;1205.36;254;1
2021-02-22-10-22-13-201;1295;253;1211.38;254;1
2021-02-22-10-22-13-218;1296;253;1217.21;254;1
2021-02-22-10-22-13-235;1297;253;1222.87;254;1
2021-02-22-10-22-13-252;1298;253;1228.33;254;1
2021-02-22-10-22-13-268;1301;253;1233.6;254;1
2021-02-22-10-22-13-285;1304;253;1238.69;254;1
2021-02-22-10-22-13-302;1309;253;1243.6;254;1
2021-02-22-10-22-13-318;1311;253;1248.36;254;1
2021-02-22-10-22-13-335;1312;253;1252.95;254;1
2021-02-22-10-22-13-351;1314;252;1257.38;254;1
2021-02-22-10-22-13-368;1317;252;1261.67;254;1
2021-02-22-10-22-13-384;1322;252;1265.8;254;1
2021-02-22-10-22-13-401;1329;252;1269.81;254;1
2021-02-22-10-22-13-418;1337;252;1273.72;254;1
2021-02-22-10-22-13-435;1344;252;1277.55;254;1
2021-02-22-10-22-13-451;1349;252;1281.32;254;1
2021-02-22-10-22-13-468;1358;252;1285.05;254;1
2021-02-22-10-22-13-485;1362;252;1288.77;254;1
2021-02-22-10-22-13-502;1365;252;1292.47;254;1
2021-02-22-10-22-13-518;1367;252;1296.15;254;1
2021-02-22-10-22-13-535;1371;252;1299.82;254;1
2021-02-22-10-22-13-552;1375;252;1303.47;254;1
2021-02-22-10-22-13-568;1380;252;1307.1;254;1
2021-02-22-10-22-13-585;1383;251;1310.73;254;1
2021-02-22-10-22-13-602;1386;250;1314.35;254;1
2021-02-22-10-22-13-618;1387;250;1317.95;254;1
2021-02-22-10-22-13-635;1388;250;1321.53;254;1
2021-02-22-10-22-13-652;1391;250;1325.09;254;1
2021-02-22-10-22-13-668;1392;250;1328.61;254;1
2021-02-22-10-22-13-685;1395;251;1332.09;254;1
2021-02-22-10-22-13-702;1403;251;1335.55;254;1
2021-02-22-10-22-13-715;1407;251;1338.98;254;1
2021-02-22-10-22-13-732;1413;251;1342.4;254;1
2021-02-22-10-22-13-749;1414;251;1345.83;254;1
2021-02-22-10-22-13-765;1415;251;1349.24;254;1
2021-02-22-10-22-13-783;1415;251;1352.63;254;1
2021-02-22-10-22-13-799;1416;251;1356;254;1
2021-02-22-10-22-13-815;1417;250;1359.32;254;1
2021-02-22-10-22-13-832;1418;250;1362.6;254;1
2021-02-22-10-22-13-849;1419;250;1365.82;254;1
2021-02-22-10-22-13-865;1419;250;1368.98;254;1
2021-02-22-10-22-13-882;1420;250;1372.08;254;1
2021-02-22-10-22-13-898;1421;250;1375.11;254;1
2021-02-22-10-22-13-915;1426;251;1378.07;254;1
2021-02-22-10-22-13-932;1432;252;1380.97;254;1
2021-02-22-10-22-13-949;1441;252;1383.84;254;1
2021-02-22-10-22-13-965;1446;252;1386.7;254;1
2021-02-22-10-22-13-982;1449;252;1389.55;254;1
2021-02-22-10-22-13-999;1450;252;1392.41;254;1
2021-02-22-10-22-14-016;1450;252;1395.27;254;1
2021-02-22-10-22-14-032;1450;252;1398.11;254;1
2021-02-22-10-22-14-049;1452;252;1400.92;254;1
2021-02-22-10-22-14-065;1456;251;1403.71;254;1
2021-02-22-10-22-14-082;1461;251;1406.47;254;1
2021-02-22-10-22-14-099;1463;251;1409.23;254;1
2021-02-22-10-22-14-115;1464;250;1411.96;254;1
2021-02-22-10-22-14-132;1465;250;1414.69;254;1
2021-02-22-10-22-14-149;1465;250;1417.38;254;1
2021-02-22-10-22-14-166;1468;251;1420.05;254;1
2021-02-22-10-22-14-182;1471;251;1422.68;254;1
2021-02-22-10-22-14-199;1476;251;1425.3;254;1
2021-02-22-10-22-14-216;1481;251;1427.9;254;1
2021-02-22-10-22-14-233;1486;251;1430.49;254;1
2021-02-22-10-22-14-249;1490;251;1433.1;254;1
2021-02-22-10-22-14-266;1493;251;1435.73;254;1
2021-02-22-10-22-14-282;1494;250;1438.36;254;1
2021-02-22-10-22-14-299;1495;250;1441.01;254;1
2021-02-22-10-22-14-316;1495;250;1443.65;254;1
2021-02-22-10-22-14-332;1495;250;1446.29;254;1
2021-02-22-10-22-14-349;1495;250;1448.89;254;1
2021-02-22-10-22-14-366;1496;250;1451.47;254;1
2021-02-22-10-22-14-383;1497;250;1454.01;254;1
2021-02-22-10-22-14-399;1497;250;1456.51;254;1
2021-02-22-10-22-14-416;1497;250;1458.95;254;1
2021-02-22-10-22-14-433;1497;250;1461.35;254;1
2021-02-22-10-22-14-449;1497;250;1463.68;254;1
2021-02-22-10-22-14-466;1499;251;1465.95;254;1
2021-02-22-10-22-14-483;1500;251;1468.16;254;1
2021-02-22-10-22-14-499;1501;250;1470.31;254;1
2021-02-22-10-22-14-516;1502;250;1472.39;254;1
2021-02-22-10-22-14-532;1502;250;1474.42;254;1
2021-02-22-10-22-14-549;1502;250;1476.38;254;1
2021-02-22-10-22-14-566;1502;250;1478.28;254;1
2021-02-22-10-22-14-582;1503;250;1480.11;254;1
2021-02-22-10-22-14-599;1503;250;1481.87;254;1
2021-02-22-10-22-14-616;1504;250;1483.57;254;1
2021-02-22-10-22-14-632;1505;250;1485.2;254;1
2021-02-22-10-22-14-649;1505;250;1486.77;254;1
2021-02-22-10-22-14-666;1506;251;1488.27;254;1
2021-02-22-10-22-14-682;1506;251;1489.72;254;1
2021-02-22-10-22-14-699;1508;251;1491.1;254;1
2021-02-22-10-22-14-716;1508;251;1492.44;254;1
2021-02-22-10-22-14-733;1508;251;1493.71;254;1
2021-02-22-10-22-14-749;1508;251;1494.94;254;1
2021-02-22-10-22-14-766;1509;251;1496.11;254;1
2021-02-22-10-22-14-782;1509;252;1497.23;254;1
2021-02-22-10-22-14-799;1510;252;1498.3;254;1
2021-02-22-10-22-14-816;1512;253;1499.33;254;1
2021-02-22-10-22-14-832;1514;254;1500.31;254;1
2021-02-22-10-22-14-849;1515;254;1501.27;254;1
2021-02-22-10-22-14-866;1516;254;1502.2;254;1
2021-02-22-10-22-14-883;1517;254;1503.11;254;1
2021-02-22-10-22-14-899;1518;255;1503.99;254;1
2021-02-22-10-22-14-916;1520;255;1504.86;254;1
2021-02-22-10-22-14-933;1523;255;1505.72;254;1
2021-02-22-10-22-14-949;1525;255;1506.57;254;1
2021-02-22-10-22-14-967;1527;255;1507.43;254;1
2021-02-22-10-22-14-983;1528;254;1508.3;254;1
2021-02-22-10-22-14-999;1529;254;1509.17;254;1
2021-02-22-10-22-15-016;1532;254;1510.06;254;1
2021-02-22-10-22-15-032;1534;255;1510.96;254;1
2021-02-22-10-22-15-053;1535;255;1511.89;254;1
2021-02-22-10-22-15-069;1536;255;1512.83;254;1
2021-02-22-10-22-15-086;1536;255;1513.79;254;1
2021-02-22-10-22-15-104;1537;255;1514.76;254;1
2021-02-22-10-22-15-120;1539;255;1515.74;254;1
2021-02-22-10-22-15-137;1542;255;1516.74;254;1
2021-02-22-10-22-15-153;1545;255;1517.76;254;1
2021-02-22-10-22-15-170;1545;255;1518.81;254;1
2021-02-22-10-22-15-186;1545;255;1519.87;254;1
2021-02-22-10-22-15-203;1545;255;1520.96;254;1
2021-02-22-10-22-15-219;1546;255;1522.05;254;1
2021-02-22-10-22-15-236;1548;255;1523.15;254;1
2021-02-22-10-22-15-253;1555;255;1524.27;254;1
2021-02-22-10-22-15-269;1560;255;1525.42;254;1
2021-02-22-10-22-15-286;1563;255;1526.62;254;1
2021-02-22-10-22-15-303;1563;255;1527.87;254;1
2021-02-22-10-22-15-320;1564;255;1529.16;254;1
2021-02-22-10-22-15-337;1564;255;1530.49;254;1
2021-02-22-10-22-15-353;1564;255;1531.85;254;1
2021-02-22-10-22-15-369;1564;255;1533.23;254;1
2021-02-22-10-22-15-386;1564;255;1534.62;254;1
2021-02-22-10-22-15-403;1564;255;1536.02;254;1
2021-02-22-10-22-15-420;1565;255;1537.41;254;1
2021-02-22-10-22-15-437;1565;255;1538.8;254;1
2021-02-22-10-22-15-453;1565;255;1540.18;254;1
2021-02-22-10-22-15-469;1565;255;1541.54;254;1
2021-02-22-10-22-15-486;1565;255;1542.89;254;1
2021-02-22-10-22-15-503;1565;255;1544.2;254;1
2021-02-22-10-22-15-520;1566;255;1545.5;254;1
2021-02-22-10-22-15-537;1566;255;1546.76;254;1
2021-02-22-10-22-15-553;1566;255;1547.99;254;1
2021-02-22-10-22-15-571;1567;255;1549.19;254;1
2021-02-22-10-22-15-587;1568;254;1550.37;254;1
2021-02-22-10-22-15-603;1568;254;1551.51;254;1
2021-02-22-10-22-15-620;1568;254;1552.62;254;1
2021-02-22-10-22-15-636;1569;254;1553.69;254;1
2021-02-22-10-22-15-653;1569;254;1554.74;254;1
2021-02-22-10-22-15-670;1570;254;1555.75;254;1
2021-02-22-10-22-15-686;1570;254;1556.74;254;1
2021-02-22-10-22-15-704;1571;254;1557.69;254;1
2021-02-22-10-22-15-720;1572;254;1558.62;254;1
2021-02-22-10-22-15-737;1573;254;1559.52;254;1
2021-02-22-10-22-15-753;1573;254;1560.39;254;1
2021-02-22-10-22-15-770;1573;254;1561.25;254;1
2021-02-22-10-22-15-786;1573;254;1562.07;254;1
2021-02-22-10-22-15-803;1573;254;1562.87;254;1
2021-02-22-10-22-15-820;1573;254;1563.64;254;1
2021-02-22-10-22-15-837;1574;254;1564.38;254;1
2021-02-22-10-22-15-854;1574;255;1565.1;254;1
2021-02-22-10-22-15-870;1574;255;1565.79;254;1
2021-02-22-10-22-15-887;1574;255;1566.45;254;1
2021-02-22-10-22-15-903;1575;255;1567.09;254;1
2021-02-22-10-22-15-920;1575;255;1567.7;254;1
2021-02-22-10-22-15-937;1576;255;1568.29;254;1
2021-02-22-10-22-15-954;1577;255;1568.86;254;1
2021-02-22-10-22-15-970;1580;256;1569.42;254;1
2021-02-22-10-22-15-987;1582;256;1569.97;254;1
2021-02-22-10-22-16-004;1583;256;1570.52;254;1
2021-02-22-10-22-16-020;1584;256;1571.08;254;1
2021-02-22-10-22-16-037;1585;256;1571.65;254;1
2021-02-22-10-22-16-053;1587;256;1572.22;254;1
2021-02-22-10-22-16-070;1589;256;1572.81;254;1
2021-02-22-10-22-16-087;1589;256;1573.42;254;1
2021-02-22-10-22-16-104;1589;256;1574.04;254;1
2021-02-22-10-22-16-117;1590;256;1574.67;254;1
2021-02-22-10-22-16-135;1590;256;1575.31;254;1
2021-02-22-10-22-16-150;1592;256;1575.96;254;1
2021-02-22-10-22-16-167;1593;256;1576.62;254;1
2021-02-22-10-22-16-184;1594;256;1577.3;254;1
2021-02-22-10-22-16-200;1594;256;1577.98;254;1
2021-02-22-10-22-16-217;1594;256;1578.68;254;1
2021-02-22-10-22-16-234;1594;256;1579.38;254;1
2021-02-22-10-22-16-250;1594;256;1580.08;254;1
2021-02-22-10-22-16-267;1595;256;1580.78;254;1
2021-02-22-10-22-16-284;1597;256;1581.49;254;1
2021-02-22-10-22-16-300;1597;256;1582.19;254;1
2021-02-22-10-22-16-317;1597;256;1582.9;254;1
2021-02-22-10-22-16-334;1597;256;1583.6;254;1
2021-02-22-10-22-16-350;1598;256;1584.3;254;1
2021-02-22-10-22-16-368;1598;256;1585;254;1
2021-02-22-10-22-16-384;1599;256;1585.69;254;1
2021-02-22-10-22-16-400;1599;256;1586.38;254;1
2021-02-22-10-22-16-417;1599;256;1587.06;254;1
2021-02-22-10-22-16-434;1599;256;1587.73;254;1
2021-02-22-10-22-16-450;1600;256;1588.4;254;1
2021-02-22-10-22-16-467;1600;256;1589.05;254;1
2021-02-22-10-22-16-484;1601;256;1589.69;254;1
2021-02-22-10-22-16-500;1601;256;1590.32;254;1
2021-02-22-10-22-16-518;1601;256;1590.95;254;1
2021-02-22-10-22-16-534;1601;256;1591.56;254;1
2021-02-22-10-22-16-551;1601;256;1592.15;254;1
2021-02-22-10-22-16-567;1601;256;1592.73;254;1
2021-02-22-10-22-16-584;1601;256;1593.3;254;1
2021-02-22-10-22-16-601;1601;256;1593.84;254;1
2021-02-22-10-22-16-617;1601;256;1594.37;254;1
2021-02-22-10-22-16-634;1601;256;1594.88;254;1
2021-02-22-10-22-16-650;1601;256;1595.37;254;1
2021-02-22-10-22-16-667;1601;256;1595.84;254;1
2021-02-22-10-22-16-684;1601;256;1596.29;254;1
2021-02-22-10-22-16-701;1601;257;1596.72;254;1
2021-02-22-10-22-16-717;1601;257;1597.13;254;1
2021-02-22-10-22-16-734;1600;257;1597.52;254;1
2021-02-22-10-22-16-751;1600;257;1597.88;254;1
2021-02-22-10-22-16-767;1599;257;1598.22;254;1
2021-02-22-10-22-16-784;1599;257;1598.53;254;1
2021-02-22-10-22-16-801;1599;257;1598.82;254;1
2021-02-22-10-22-16-818;1599;257;1599.07;254;1
2021-02-22-10-22-16-834;1599;257;1599.31;254;1
2021-02-22-10-22-16-851;1599;257;1599.52;254;1
2021-02-22-10-22-16-867;1599;257;1599.71;254;1
2021-02-22-10-22-16-884;1599;257;1599.88;254;1
2021-02-22-10-22-16-901;1599;257;1600.03;254;1
2021-02-22-10-22-16-917;1599;257;1600.16;254;1
2021-02-22-10-22-16-934;1599;257;1600.27;254;1
2021-02-22-10-22-16-951;1599;257;1600.37;254;1
2021-02-22-10-22-16-967;1599;257;1600.45;254;1
2021-02-22-10-22-16-985;1599;257;1600.51;254;1
2021-02-22-10-22-17-001;1599;257;1600.57;254;1
2021-02-22-10-22-17-017;1599;257;1600.61;254;1
2021-02-22-10-22-17-034;1599;257;1600.64;254;1
2021-02-22-10-22-17-051;1599;257;1600.66;254;1
2021-02-22-10-22-17-068;1599;257;1600.67;254;1
2021-02-22-10-22-17-084;1599;257;1600.67;254;1
2021-02-22-10-22-17-101;1599;257;1600.67;254;1
2021-02-22-10-22-17-121;1599;257;1600.66;254;1
2021-02-22-10-22-17-138;1599;257;1600.64;254;1
2021-02-22-10-22-17-154;1599;257;1600.61;254;1
2021-02-22-10-22-17-171;1599;257;1600.58;254;1
2021-02-22-10-22-17-187;1599;257;1600.55;254;1
2021-02-22-10-22-17-204;1599;257;1600.51;254;1
2021-02-22-10-22-17-221;1599;257;1600.47;254;1
2021-02-22-10-22-17-238;1599;257;1600.42;254;1
2021-02-22-10-22-17-254;1598;256;1600.38;254;1
2021-02-22-10-22-17-271;1598;254;1600.32;254;1
2021-02-22-10-22-17-288;1597;250;1600.26;254;1
2021-02-22-10-22-17-305;1596;242;1600.19;254;1
2021-02-22-10-22-17-321;1595;234;1600.11;254;1
2021-02-22-10-22-17-338;1594;223;1600.02;254;1
2021-02-22-10-22-17-355;1594;215;1599.9;254;1
2021-02-22-10-22-17-371;1595;209;1599.77;254;1
2021-02-22-10-22-17-388;1596;203;1599.63;254;1
2021-02-22-10-22-17-405;1596;199;1599.49;254;1
2021-02-22-10-22-17-422;1596;195;1599.34;254;1
2021-02-22-10-22-17-438;1595;191;1599.19;254;1
2021-02-22-10-22-17-455;1595;185;1599.04;254;1
2021-02-22-10-22-17-471;1595;179;1598.88;254;1
2021-02-22-10-22-17-488;1595;174;1598.72;254;1
2021-02-22-10-22-17-505;1595;169;1598.56;254;1
2021-02-22-10-22-17-521;1594;164;1598.39;254;1
2021-02-22-10-22-17-538;1594;160;1598.23;254;1
2021-02-22-10-22-17-555;1594;159;1598.05;254;1
2021-02-22-10-22-17-571;1594;159;1597.88;254;1
2021-02-22-10-22-17-588;1594;158;1597.71;254;1
2021-02-22-10-22-17-605;1594;154;1597.53;254;1
2021-02-22-10-22-17-622;1594;149;1597.35;254;1
2021-02-22-10-22-17-639;1594;143;1597.18;254;1
2021-02-22-10-22-17-655;1594;138;1597.01;254;1
2021-02-22-10-22-17-671;1594;137;1596.84;254;1
2021-02-22-10-22-17-688;1594;136;1596.67;254;1
2021-02-22-10-22-17-705;1594;136;1596.5;254;1
2021-02-22-10-22-17-722;1594;135;1596.34;254;1
2021-02-22-10-22-17-738;1594;133;1596.19;254;1
2021-02-22-10-22-17-755;1594;129;1596.04;254;1
2021-02-22-10-22-17-771;1594;125;1595.89;254;1
2021-02-22-10-22-17-788;1594;124;1595.75;254;1
2021-02-22-10-22-17-805;1594;122;1595.61;254;1
2021-02-22-10-22-17-822;1595;121;1595.48;254;1
2021-02-22-10-22-17-838;1595;119;1595.36;254;1
2021-02-22-10-22-17-855;1596;119;1595.25;254;1
2021-02-22-10-22-17-872;1596;117;1595.15;254;1
2021-02-22-10-22-17-889;1596;116;1595.07;254;1
2021-02-22-10-22-17-905;1596;115;1595;254;1
2021-02-22-10-22-17-922;1596;114;1594.93;254;1
2021-02-22-10-22-17-938;1596;113;1594.88;254;1
2021-02-22-10-22-17-955;1597;110;1594.84;254;1
2021-02-22-10-22-17-972;1597;108;1594.82;254;1
2021-02-22-10-22-17-989;1598;105;1594.8;254;1
2021-02-22-10-22-18-005;1598;101;1594.8;254;1
2021-02-22-10-22-18-022;1598;99;1594.82;254;1
2021-02-22-10-22-18-038;1598;98;1594.85;254;1
2021-02-22-10-22-18-055;1598;97;1594.89;254;1
2021-02-22-10-22-18-072;1598;95;1594.94;254;1
2021-02-22-10-22-18-089;1598;94;1595;254;1
2021-02-22-10-22-18-106;1598;93;1595.07;254;1
2021-02-22-10-22-18-122;1598;93;1595.14;254;1
2021-02-22-10-22-18-139;1598;93;1595.22;254;1
2021-02-22-10-22-18-155;1598;92;1595.31;254;1
2021-02-22-10-22-18-172;1598;92;1595.4;254;1
2021-02-22-10-22-18-185;1598;91;1595.49;254;1
2021-02-22-10-22-18-202;1598;90;1595.59;254;1
2021-02-22-10-22-18-219;1598;90;1595.69;254;1
2021-02-22-10-22-18-236;1598;90;1595.79;254;1
2021-02-22-10-22-18-252;1598;90;1595.89;254;1
2021-02-22-10-22-18-269;1598;90;1595.99;254;1
2021-02-22-10-22-18-286;1598;90;1596.09;254;1
2021-02-22-10-22-18-302;1598;90;1596.19;254;1
2021-02-22-10-22-18-319;1598;90;1596.29;254;1
2021-02-22-10-22-18-336;1598;90;1596.39;254;1
2021-02-22-10-22-18-352;1598;90;1596.48;254;1
2021-02-22-10-22-18-369;1598;90;1596.57;254;1
2021-02-22-10-22-18-386;1598;89;1596.67;254;1
2021-02-22-10-22-18-403;1598;89;1596.76;254;1
2021-02-22-10-22-18-419;1598;89;1596.84;254;1
2021-02-22-10-22-18-436;1598;89;1596.93;254;1
2021-02-22-10-22-18-452;1598;89;1597.01;254;1
2021-02-22-10-22-18-469;1598;89;1597.08;254;1
2021-02-22-10-22-18-485;1598;89;1597.16;254;1
2021-02-22-10-22-18-503;1598;89;1597.23;254;1
2021-02-22-10-22-18-519;1598;90;1597.3;254;1
2021-02-22-10-22-18-536;1597;91;1597.36;254;1
2021-02-22-10-22-18-552;1596;93;1597.42;254;1
2021-02-22-10-22-18-569;1594;96;1597.46;254;1
2021-02-22-10-22-18-586;1592;101;1597.49;254;1
2021-02-22-10-22-18-602;1588;111;1597.48;254;1
2021-02-22-10-22-18-619;1584;122;1597.43;254;1
2021-02-22-10-22-18-636;1580;136;1597.33;254;1
2021-02-22-10-22-18-652;1576;153;1597.15;254;1
2021-02-22-10-22-18-669;1572;171;1596.9;254;1
2021-02-22-10-22-18-686;1567;186;1596.55;254;1
2021-02-22-10-22-18-702;1563;205;1596.11;254;1
2021-02-22-10-22-18-720;1557;229;1595.55;254;1
2021-02-22-10-22-18-737;1553;250;1594.87;254;1
2021-02-22-10-22-18-753;1548;275;1594.06;254;1
2021-02-22-10-22-18-769;1544;293;1593.12;254;1
2021-02-22-10-22-18-786;1540;309;1592.05;254;1
2021-02-22-10-22-18-803;1536;325;1590.83;254;1
2021-02-22-10-22-18-819;1533;332;1589.48;254;1
2021-02-22-10-22-18-836;1533;334;1588.01;254;1
2021-02-22-10-22-18-853;1533;334;1586.42;254;1
2021-02-22-10-22-18-869;1533;334;1584.73;254;1
2021-02-22-10-22-18-886;1533;334;1582.97;254;1
2021-02-22-10-22-18-903;1533;334;1581.14;254;1
2021-02-22-10-22-18-919;1533;333;1579.26;254;1
2021-02-22-10-22-18-936;1533;333;1577.35;254;1
2021-02-22-10-22-18-952;1533;333;1575.42;254;1
2021-02-22-10-22-18-970;1533;333;1573.47;254;1
2021-02-22-10-22-18-986;1533;333;1571.52;254;1
2021-02-22-10-22-19-003;1532;332;1569.57;254;1
2021-02-22-10-22-19-020;1530;328;1567.63;254;1
2021-02-22-10-22-19-036;1524;323;1565.7;254;1
2021-02-22-10-22-19-053;1518;320;1563.76;254;1
2021-02-22-10-22-19-070;1510;317;1561.79;254;1
2021-02-22-10-22-19-087;1506;315;1559.77;254;1
2021-02-22-10-22-19-106;1502;313;1557.69;254;1
2021-02-22-10-22-19-123;1495;310;1555.55;254;1
2021-02-22-10-22-19-140;1486;305;1553.33;254;1
2021-02-22-10-22-19-156;1473;301;1551.01;254;1
2021-02-22-10-22-19-172;1461;297;1548.55;254;1
2021-02-22-10-22-19-190;1451;297;1545.92;254;1
2021-02-22-10-22-19-206;1445;297;1543.11;254;1
2021-02-22-10-22-19-223;1440;298;1540.12;254;1
2021-02-22-10-22-19-240;1434;298;1536.94;254;1
2021-02-22-10-22-19-256;1432;298;1533.6;254;1
2021-02-22-10-22-19-273;1432;298;1530.11;254;1
2021-02-22-10-22-19-289;1432;298;1526.5;254;1
2021-02-22-10-22-19-306;1432;298;1522.79;254;1
2021-02-22-10-22-19-322;1432;298;1519.02;254;1
2021-02-22-10-22-19-340;1432;298;1515.2;254.073;1
2021-02-22-10-22-19-356;1432;298;1511.36;254.357;1
2021-02-22-10-22-19-373;1432;298;1507.51;254.905;1
2021-02-22-10-22-19-391;1432;298;1503.68;255.688;1
2021-02-22-10-22-19-407;1432;298;1499.88;256.683;1
2021-02-22-10-22-19-423;1432;298;1496.13;257.864;1
2021-02-22-10-22-19-439;1432;298;1492.43;259.209;1
2021-02-22-10-22-19-456;1432;298;1488.8;260.696;1
2021-02-22-10-22-19-473;1432;298;1485.25;262.305;1
2021-02-22-10-22-19-490;1432;298;1481.79;264.019;1
2021-02-22-10-22-19-506;1432;298;1478.43;265.818;2
2021-02-22-10-22-19-523;1432;298;1475.16;267.688;2
2021-02-22-10-22-19-541;1432;298;1472.01;269.612;2
2021-02-22-10-22-19-556;1432;298;1468.96;271.577;2
2021-02-22-10-22-19-573;1432;298;1466.03;273.571;2
2021-02-22-10-22-19-590;1432;298;1463.22;275.581;2
2021-02-22-10-22-19-607;1432;298;1460.53;277.598;2
2021-02-22-10-22-19-623;1432;298;1457.96;279.61;2
2021-02-22-10-22-19-640;1432;298;1455.51;281.61;2
2021-02-22-10-22-19-656;1432;298;1453.18;283.589;2
2021-02-22-10-22-19-673;1432;298;1450.97;285.54;2
2021-02-22-10-22-19-689;1432;298;1448.89;287.458;2
2021-02-22-10-22-19-707;1432;298;1446.91;289.336;2
2021-02-22-10-22-19-723;1432;298;1445.06;291.17;2
2021-02-22-10-22-19-740;1432;298;1443.32;292.955;2
2021-02-22-10-22-19-756;1432;298;1441.69;294.687;2
2021-02-22-10-22-19-773;1432;298;1440.16;296.365;2
2021-02-22-10-22-19-790;1432;298;1438.74;297.985;3
2021-02-22-10-22-19-807;1432;298;1437.43;299.545;3
2021-02-22-10-22-19-823;1432;298;1436.21;301.044;3
2021-02-22-10-22-19-840;1432;298;1435.08;302.48;3
2021-02-22-10-22-19-857;1432;298;1434.05;303.853;3
2021-02-22-10-22-19-874;1432;298;1433.1;305.163;3
2021-02-22-10-22-19-890;1432;298;1432.24;306.409;3
2021-02-22-10-22-19-906;1432;298;1431.45;307.592;3
2021-02-22-10-22-19-923;1432;298;1430.74;308.712;3
2021-02-22-10-22-19-940;1432;298;1430.11;309.77;3
2021-02-22-10-22-19-957;1432;298;1429.54;310.768;3
2021-02-22-10-22-19-974;1432;298;1429.03;311.705;3
2021-02-22-10-22-19-990;1432;298;1428.59;312.583;3
2021-02-22-10-22-20-007;1432;298;1428.2;313.405;3
2021-02-22-10-22-20-024;1432;298;1427.86;314.17;3
2021-02-22-10-22-20-041;1432;298;1427.58;314.882;3
2021-02-22-10-22-20-057;1432;298;1427.34;315.542;3
2021-02-22-10-22-20-073;1432;298;1427.15;316.151;3
2021-02-22-10-22-20-090;1432;298;1426.99;316.713;3
2021-02-22-10-22-20-107;1432;298;1426.88;317.227;3
2021-02-22-10-22-20-124;1432;298;1426.79;317.698;3
2021-02-22-10-22-20-140;1432;298;1426.74;318.126;3
2021-02-22-10-22-20-157;1432;298;1426.72;318.513;3
2021-02-22-10-22-20-170;1432;298;1426.72;318.862;3
2021-02-22-10-22-20-187;1432;298;1426.75;319.175;3
2021-02-22-10-22-20-203;1432;298;1426.8;319.453;3
2021-02-22-10-22-20-220;1432;298;1426.87;319.699;3
2021-02-22-10-22-20-237;1432;298;1426.95;319.914;3
2021-02-22-10-22-20-254;1432;297;1427.05;320.1;3
2021-02-22-10-22-20-271;1432;295;1427.17;320.259;3
2021-02-22-10-22-20-287;1432;291;1427.29;320.394;3
2021-02-22-10-22-20-304;1432;285;1427.42;320.505;3
2021-02-22-10-22-20-320;1432;278;1427.57;320.594;3
2021-02-22-10-22-20-337;1432;271;1427.72;320.663;3
2021-02-22-10-22-20-354;1432;258;1427.87;320.713;3
2021-02-22-10-22-20-370;1432;252;1428.03;320.747;3
2021-02-22-10-22-20-387;1432;239;1428.19;320.764;3
2021-02-22-10-22-20-404;1432;225;1428.36;320.768;3
2021-02-22-10-22-20-420;1432;219;1428.53;320.759;3
2021-02-22-10-22-20-437;1432;214;1428.69;320.738;3
2021-02-22-10-22-20-454;1433;209;1428.86;320.706;3
2021-02-22-10-22-20-470;1433;199;1429.03;320.665;3
2021-02-22-10-22-20-487;1434;188;1429.2;320.616;3
2021-02-22-10-22-20-504;1434;178;1429.38;320.559;3
2021-02-22-10-22-20-520;1434;161;1429.56;320.496;3
2021-02-22-10-22-20-537;1432;144;1429.74;320.428;3
2021-02-22-10-22-20-554;1431;129;1429.92;320.355;3
2021-02-22-10-22-20-571;1430;120;1430.09;320.278;3
2021-02-22-10-22-20-587;1429;108;1430.24;320.197;3
2021-02-22-10-22-20-604;1427;95;1430.36;320.115;3
2021-02-22-10-22-20-621;1426;90;1430.47;320.03;3
2021-02-22-10-22-20-637;1425;85;1430.54;319.944;3
2021-02-22-10-22-20-657;1424;82;1430.58;319.857;3
2021-02-22-10-22-20-674;1423;80;1430.59;319.77;3
2021-02-22-10-22-20-690;1423;80;1430.56;319.683;3
2021-02-22-10-22-20-707;1423;80;1430.5;319.596;3
2021-02-22-10-22-20-724;1423;80;1430.42;319.51;3
2021-02-22-10-22-20-741;1423;79;1430.3;319.425;3
2021-02-22-10-22-20-757;1423;79;1430.17;319.342;3
2021-02-22-10-22-20-774;1423;79;1430.01;319.26;3
2021-02-22-10-22-20-790;1423;79;1429.84;319.18;3
2021-02-22-10-22-20-807;1423;79;1429.65;319.102;3
2021-02-22-10-22-20-824;1423;79;1429.45;319.027;3
2021-02-22-10-22-20-841;1423;79;1429.24;318.954;3
2021-02-22-10-22-20-857;1423;79;1429.02;318.883;3
2021-02-22-10-22-20-875;1423;79;1428.79;318.815;3
2021-02-22-10-22-20-891;1423;79;1428.56;318.749;3
2021-02-22-10-22-20-907;1423;79;1428.32;318.686;3
2021-02-22-10-22-20-924;1423;79;1428.08;318.626;3
2021-02-22-10-22-20-941;1423;79;1427.84;318.569;3
2021-02-22-10-22-20-958;1423;79;1427.6;318.442;3
2021-02-22-10-22-20-974;1423;79;1427.37;318.105;3
2021-02-22-10-22-20-991;1423;79;1427.13;317.509;3
2021-02-22-10-22-21-007;1423;79;1426.9;316.679;3
2021-02-22-10-22-21-025;1423;79;1426.67;315.64;3
2021-02-22-10-22-21-041;1423;79;1426.45;314.418;3
2021-02-22-10-22-21-057;1423;79;1426.23;313.035;3
2021-02-22-10-22-21-075;1423;79;1426.02;311.511;3
2021-02-22-10-22-21-091;1423;79;1425.81;309.868;3
2021-02-22-10-22-21-107;1423;79;1425.61;308.123;3
2021-02-22-10-22-21-124;1423;79;1425.41;306.295;3
2021-02-22-10-22-21-141;1423;79;1425.23;304.399;3
2021-02-22-10-22-21-157;1423;79;1425.05;302.449;3
2021-02-22-10-22-21-174;1423;79;1424.88;300.461;3
2021-02-22-10-22-21-191;1423;79;1424.71;298.447;3
2021-02-22-10-22-21-208;1423;79;1424.55;296.417;3
2021-02-22-10-22-21-225;1423;79;1424.41;294.384;3
2021-02-22-10-22-21-241;1423;79;1424.26;292.356;3
2021-02-22-10-22-21-258;1423;79;1424.13;290.342;3
2021-02-22-10-22-21-274;1423;79;1424;288.351;2
2021-02-22-10-22-21-292;1423;79;1423.88;286.388;2
2021-02-22-10-22-21-308;1423;79;1423.77;284.461;2
2021-02-22-10-22-21-325;1423;79;1423.66;282.575;2
2021-02-22-10-22-21-342;1423;79;1423.56;280.734;2
2021-02-22-10-22-21-358;1423;79;1423.47;278.943;2
2021-02-22-10-22-21-374;1423;79;1423.39;277.205;2
2021-02-22-10-22-21-392;1423;79;1423.31;275.524;2
2021-02-22-10-22-21-408;1423;79;1423.23;273.901;2
2021-02-22-10-22-21-425;1423;79;1423.17;272.338;2
2021-02-22-10-22-21-441;1423;79;1423.1;270.838;2
2021-02-22-10-22-21-458;1423;79;1423.05;269.401;2
2021-02-22-10-22-21-475;1423;79;1423;268.027;2
2021-02-22-10-22-21-491;1423;79;1422.95;266.717;2
2021-02-22-10-22-21-508;1423;79;1422.91;265.472;2
2021-02-22-10-22-21-525;1423;79;1422.87;264.29;2
2021-02-22-10-22-21-541;1423;79;1422.83;263.172;2
2021-02-22-10-22-21-558;1423;79;1422.8;262.116;2
2021-02-22-10-22-21-574;1423;79;1422.78;261.121;2
2021-02-22-10-22-21-591;1423;79;1422.76;260.187;2
2021-02-22-10-22-21-608;1423;79;1422.74;259.311;2
2021-02-22-10-22-21-625;1423;79;1422.72;258.493;2
2021-02-22-10-22-21-642;1423;79;1422.71;257.73;1
2021-02-22-10-22-21-658;1423;79;1422.69;257.022;1
2021-02-22-10-22-21-675;1423;79;1422.69;256.366;1
2021-02-22-10-22-21-691;1423;79;1422.68;255.76;1
2021-02-22-10-22-21-708;1423;79;1422.67;255.202;1
2021-02-22-10-22-21-721;1423;79;1422.67;254.691;1
2021-02-22-10-22-21-738;1423;79;1422.67;254.225;1
2021-02-22-10-22-21-755;1423;79;1422.67;253.801;1
2021-02-22-10-22-21-772;1423;79;1422.67;253.417;1
2021-02-22-10-22-21-789;1423;79;1422.68;253.071;1
2021-02-22-10-22-21-805;1423;79;1422.68;252.763;1
2021-02-22-10-22-21-821;1423;79;1422.69;252.488;1
2021-02-22-10-22-21-839;1423;79;1422.69;252.246;1
2021-02-22-10-22-21-855;1423;79;1422.7;252.034;1
2021-02-22-10-22-21-872;1423;79;1422.71;251.851;1
2021-02-22-10-22-21-889;1423;79;1422.72;251.695;1
2021-02-22-10-22-21-905;1423;79;1422.73;251.564;1
2021-02-22-10-22-21-922;1423;79;1422.74;251.456;1
2021-02-22-10-22-21-939;1423;79;1422.75;251.37;1
2021-02-22-10-22-21-955;1423;79;1422.76;251.304;1
2021-02-22-10-22-21-972;1423;79;1422.77;251.256;1
2021-02-22-10-22-21-989;1423;79;1422.78;251.226;1
2021-02-22-10-22-22-005;1423;79;1422.79;251.21;1
2021-02-22-10-22-22-022;1423;79;1422.8;251.209;1
2021-02-22-10-22-22-039;1423;79;1422.81;251.221;1
2021-02-22-10-22-22-055;1423;79;1422.82;251.244;1
2021-02-22-10-22-22-073;1423;79;1422.83;251.278;1
2021-02-22-10-22-22-089;1423;79;1422.84;251.321;1
2021-02-22-10-22-22-105;1423;79;1422.85;251.372;1
2021-02-22-10-22-22-122;1423;79;1422.86;251.43;1
2021-02-22-10-22-22-139;1423;79;1422.87;251.494;1
2021-02-22-10-22-22-156;1423;79;1422.88;251.564;1
2021-02-22-10-22-22-172;1423;79;1422.89;251.639;1
2021-02-22-10-22-22-189;1423;79;1422.89;251.717;1
2021-02-22-10-22-22-205;1423;79;1422.9;251.799;1
2021-02-22-10-22-22-222;1423;79;1422.91;251.883;1
2021-02-22-10-22-22-239;1423;79;1422.92;251.968;1
2021-02-22-10-22-22-255;1423;79;1422.92;252.055;1
2021-02-22-10-22-22-272;1423;79;1422.93;252.143;1
2021-02-22-10-22-22-289;1423;79;1422.94;252.231;1
2021-02-22-10-22-22-305;1423;79;1422.94;252.319;1
2021-02-22-10-22-22-322;1423;79;1422.95;252.406;1
2021-02-22-10-22-22-339;1423;79;1422.96;252.493;1
2021-02-22-10-22-22-355;1423;79;1422.96;252.578;1
2021-02-22-10-22-22-373;1423;79;1422.97;252.662;1
2021-02-22-10-22-22-389;1423;79;1422.97;252.744;1
2021-02-22-10-22-22-405;1423;79;1422.97;252.824;1
2021-02-22-10-22-22-423;1423;79;1422.98;252.902;1
2021-02-22-10-22-22-439;1423;79;1422.98;252.978;1
2021-02-22-10-22-22-456;1422;80;1422.98;253.051;1
2021-02-22-10-22-22-472;1419;81;1422.98;253.122;1
2021-02-22-10-22-22-489;1413;83;1422.95;253.19;1
2021-02-22-10-22-22-505;1406;84;1422.88;253.256;1
2021-02-22-10-22-22-522;1401;84;1422.75;253.319;1
2021-02-22-10-22-22-539;1396;84;1422.52;253.379;1
2021-02-22-10-22-22-556;1394;84;1422.2;253.436;1
2021-02-22-10-22-22-572;1390;84;1421.78;253.491;1
2021-02-22-10-22-22-589;1386;85;1421.25;253.543;1
2021-02-22-10-22-22-606;1377;86;1420.61;253.592;1
2021-02-22-10-22-22-622;1364;88;1419.82;253.638;1
2021-02-22-10-22-22-639;1349;90;1418.85;253.682;1
2021-02-22-10-22-22-659;1322;92;1417.64;253.723;1
2021-02-22-10-22-22-676;1306;92;1416.12;253.761;1
2021-02-22-10-22-22-693;1288;93;1414.24;253.797;1
2021-02-22-10-22-22-709;1274;93;1411.96;253.831;1
2021-02-22-10-22-22-725;1265;93;1409.27;253.862;1
2021-02-22-10-22-22-743;1252;93;1406.17;253.891;1
2021-02-22-10-22-22-759;1242;94;1402.66;253.918;1
2021-02-22-10-22-22-776;1233;94;1398.75;253.942;1
2021-02-22-10-22-22-792;1230;94;1394.45;253.965;1
2021-02-22-10-22-22-809;1230;94;1389.81;253.986;1
2021-02-22-10-22-22-826;1230;94;1384.87;254.004;1
2021-02-22-10-22-22-842;1230;94;1379.69;254.021;1
2021-02-22-10-22-22-859;1230;94;1374.31;254.037;1
2021-02-22-10-22-22-876;1230;94;1368.78;254.05;1
2021-02-22-10-22-22-892;1230;94;1363.12;254.063;1
2021-02-22-10-22-22-909;1230;94;1357.39;254.074;1
2021-02-22-10-22-22-926;1230;94;1351.61;254.083;1
2021-02-22-10-22-22-942;1230;94;1345.82;254.091;1
2021-02-22-10-22-22-959;1230;94;1340.04;254.098;1
2021-02-22-10-22-22-976;1230;94;1334.29;254.104;1
2021-02-22-10-22-22-993;1230;94;1328.61;254.109;1
2021-02-22-10-22-23-009;1230;94;1323;254.113;1
2021-02-22-10-22-23-026;1230;94;1317.5;254.116;1
2021-02-22-10-22-23-043;1230;94;1312.11;254.118;1
2021-02-22-10-22-23-060;1230;94;1306.85;254.12;1
2021-02-22-10-22-23-076;1230;94;1301.72;254.121;1
2021-02-22-10-22-23-093;1230;94;1296.75;254.121;1
2021-02-22-10-22-23-110;1230;94;1291.94;254.12;1
2021-02-22-10-22-23-126;1230;94;1287.29;254.12;1
2021-02-22-10-22-23-143;1230;94;1282.82;254.118;1
2021-02-22-10-22-23-161;1230;94;1278.52;254.116;1
2021-02-22-10-22-23-176;1228;95;1274.4;254.114;1
2021-02-22-10-22-23-193;1224;96;1270.45;254.112;1
2021-02-22-10-22-23-209;1218;97;1266.65;254.109;1
2021-02-22-10-22-23-226;1207;99;1262.98;254.106;1
2021-02-22-10-22-23-242;1194;101;1259.4;254.103;1
2021-02-22-10-22-23-259;1177;104;1255.84;254.1;1
2021-02-22-10-22-23-276;1162;108;1252.26;254.096;1
2021-02-22-10-22-23-293;1142;112;1248.6;254.093;1
2021-02-22-10-22-23-310;1120;117;1244.79;254.089;1
2021-02-22-10-22-23-326;1106;120;1240.78;254.085;1
2021-02-22-10-22-23-343;1096;123;1236.53;254.081;1
2021-02-22-10-22-23-360;1087;125;1232.04;254.077;1
2021-02-22-10-22-23-377;1078;127;1227.3;254.074;1
2021-02-22-10-22-23-393;1071;128;1222.33;254.07;1
2021-02-22-10-22-23-409;1068;129;1217.14;254.066;1
2021-02-22-10-22-23-426;1068;129;1211.76;254.062;1
2021-02-22-10-22-23-443;1068;129;1206.22;254.059;1
2021-02-22-10-22-23-459;1068;129;1200.57;254.055;1
2021-02-22-10-22-23-476;1068;129;1194.84;254.052;1
2021-02-22-10-22-23-493;1068;129;1189.07;254.048;1
2021-02-22-10-22-23-510;1068;129;1183.28;254.045;1
2021-02-22-10-22-23-527;1067;131;1177.51;254.042;1
2021-02-22-10-22-23-544;1065;136;1171.77;254.039;1
2021-02-22-10-22-23-560;1062;142;1166.08;254.036;1
2021-02-22-10-22-23-576;1058;152;1160.44;254.033;1
2021-02-22-10-22-23-593;1052;162;1154.86;254.03;1
2021-02-22-10-22-23-610;1044;175;1149.33;254.027;1
2021-02-22-10-22-23-626;1037;185;1143.84;254.025;1
2021-02-22-10-22-23-643;1032;192;1138.37;254.023;1
2021-02-22-10-22-23-660;1030;198;1132.93;254.02;1
2021-02-22-10-22-23-677;1030;201;1127.53;254.018;1
2021-02-22-10-22-23-694;1030;207;1122.19;254.016;1
2021-02-22-10-22-23-710;1030;212;1116.93;254.014;1
2021-02-22-10-22-23-724;1032;223;1111.76;254.012;1
2021-02-22-10-22-23-740;1034;232;1106.72;254.011;1
2021-02-22-10-22-23-756;1036;241;1101.81;254.009;1
2021-02-22-10-22-23-773;1037;249;1097.06;254.008;1
2021-02-22-10-22-23-790;1040;262;1092.48;254.006;1
2021-02-22-10-22-23-806;1043;273;1088.08;254.005;1
2021-02-22-10-22-23-823;1046;284;1083.89;254.004;1
2021-02-22-10-22-23-840;1048;294;1079.92;254.003;1
2021-02-22-10-22-23-857;1048;304;1076.17;254.002;1
2021-02-22-10-22-23-873;1048;314;1072.64;254.001;1
2021-02-22-10-22-23-890;1050;324;1069.33;254;1
2021-02-22-10-22-23-907;1054;337;1066.24;253.999;1
2021-02-22-10-22-23-923;1057;345;1063.39;253.999;1
2021-02-22-10-22-23-940;1060;354;1060.77;253.998;1
2021-02-22-10-22-23-957;1062;361;1058.38;253.997;1
2021-02-22-10-22-23-974;1065;370;1056.24;253.997;1
2021-02-22-10-22-23-990;1066;374;1054.34;253.997;1
2021-02-22-10-22-24-007;1068;378;1052.67;253.996;1
2021-02-22-10-22-24-023;1069;379;1051.22;253.996;1
2021-02-22-10-22-24-040;1069;380;1049.98;253.996;1
2021-02-22-10-22-24-056;1069;380;1048.95;253.995;1
2021-02-22-10-22-24-073;1069;380;1048.11;253.995;1
2021-02-22-10-22-24-090;1069;380;1047.44;253.995;1
2021-02-22-10-22-24-107;1069;380;1046.93;253.995;1
2021-02-22-10-22-24-123;1069;380;1046.56;253.995;1
2021-02-22-10-22-24-140;1069;380;1046.34;253.995;1
2021-02-22-10-22-24-157;1069;380;1046.23;253.995;1
2021-02-22-10-22-24-173;1069;380;1046.25;253.995;1
2021-02-22-10-22-24-191;1069;380;1046.36;253.995;1
2021-02-22-10-22-24-207;1069;380;1046.57;253.995;1
2021-02-22-10-22-24-223;1069;380;1046.85;253.995;1
2021-02-22-10-22-24-240;1069;380;1047.22;253.995;1
2021-02-22-10-22-24-257;1069;380;1047.65;253.995;1
2021-02-22-10-22-24-274;1069;380;1048.13;253.995;1
2021-02-22-10-22-24-291;1069;380;1048.67;253.995;1
2021-02-22-10-22-24-307;1069;380;1049.24;253.996;1
2021-02-22-10-22-24-324;1069;380;1049.86;253.996;1
2021-02-22-10-22-24-341;1069;380;1050.5;253.996;1
2021-02-22-10-22-24-357;1069;380;1051.17;253.996;1
2021-02-22-10-22-24-374;1069;380;1051.86;253.996;1
2021-02-22-10-22-24-390;1069;380;1052.56;253.996;1
2021-02-22-10-22-24-407;1069;380;1053.27;254.142;1
2021-02-22-10-22-24-424;1069;380;1053.99;254.711;1
2021-02-22-10-22-24-441;1069;380;1054.7;255.806;1
2021-02-22-10-22-24-457;1069;380;1055.42;257.374;1
